10000
-7423
-2511
-2640
-8734
-6177
-7903
-272
-274
-3914
-4610
-7749
-4417
-5085
-7274
-1928
-7526
-4516
-6925
-3492
-724
-6961
-2199
-8133
-3785
-5431
-3897
-1782
-8368
-6153
-4045
-7267
-6129
-7413
-401
-5568
-6857
-4971
-2036
-8828
-2163
-3564
-2418
-3435
-7380
-6261
-1031
-2719
-5264
-2387
-4976
-1559
-122
-775
-2205
-4670
-8918
-3920
-8764
-7382
-8216
-3074
-479
-1747
-4478
-5536
-1989
-7327
-1791
-4256
-3066
-6341
-5382
-4015
-4297
-7819
-5789
-412
-4804
-8124
-6575
-6434
-3575
34
-241
-1220
-1238
-7940
-1153
-1708
-5580
-2069
-5246
-53
-6658
-2772
-1354
-3751
-3635
-844
-3708
-7149
-6727
-3745
-7285
-3650
-2068
-3859
-6335
-2474
-3209
-5209
-6446
-1160
-8250
-4597
-5158
-3889
-2961
-6457
-1908
-5167
-5388
-7203
-1788
-8346
-7803
-6018
-7117
-5350
-7500
-3590
-3636
-1719
-904
-1273
-354
-5660
-3036
-3900
-5622
-8853
-5781
-3846
-2688
-1697
-4513
-4047
-1911
-5337
-1820
-5217
-4021
-5248
-6913
-4515
-3367
-3930
-2263
-2042
-1444
-8009
-4046
-3838
-6223
-7656
-8201
-8681
-7075
-5512
-7771
-7842
-4816
-3016
-2414
-4569
-8473
-5642
-6645
-8607
-7174
-3827
-4644
-4093
-3154
-5405
-1401
-8599
-6791
-6312
-5608
-5573
-7295
-4410
-4185
-8819
-7401
-6634
-7132
-3423
-8824
-1370
-7255
-3142
-7536
-3530
-965
-4901
-4917
-1504
-8908
-109
-354
-5532
-2091
-3424
-8221
-2734
-8864
-6961
-7842
-6672
-3340
-2514
-2296
-1848
-180
-7736
-6294
-8476
-3980
-8723
-2331
-428
-5226
-8755
-7315
-6956
-78
-6307
-6620
-4195
-3675
-7894
-8614
-5799
-6265
-4015
-5883
-4724
-7701
-6062
-8974
-4849
-7243
-4305
-1774
-6842
-6108
-8009
-2371
-5841
-655
-6442
-1800
-6998
-3525
-1899
-7831
-392
-1717
-1654
-3820
-6258
-5129
-7031
-2358
-7885
-7516
-8500
-6482
-7663
-8553
-8985
-7397
-3750
-5984
-4730
-5016
-7016
-3494
-8831
-5245
-7745
-1021
-7453
-8868
-5124
-2103
-346
-4045
-2560
-4216
-288
-8
-7150
-8809
-4084
-6704
-7694
-8576
-1860
-1583
-4954
-7631
-7734
-6993
-2405
-4087
-3623
-7179
-5972
-3995
-3905
-3275
-3931
-8787
-1500
-8505
-3893
-5970
-3844
-6650
-6700
-4384
-850
-4972
26
-4881
-127
-6020
-5567
-1593
-5782
-7174
-4613
-8314
-6320
-5033
-7757
-8030
-6126
-2023
-8648
-3474
-3783
-4028
-3972
-5909
-5972
-5885
-449
-7812
-1803
-8558
-7018
-7197
-4555
-7617
-2869
-1852
-544
-7362
-77
-7113
-4066
-3711
-6186
-3026
-1155
-3350
-4749
-6014
-5309
-7733
-1084
-2850
-3098
-4984
-281
-1370
-3847
-5530
-4436
-6744
-1853
-292
-790
-95
-1914
-1039
-8127
-2117
-1753
-2114
-6769
-7913
-8160
-3025
-3603
-7375
-7606
-645
-5102
-2098
-7245
-3486
-1313
-8102
-5639
-3968
-6464
-7477
-2276
-3613
-6604
-729
-4763
-5484
-6489
-4498
-8974
-4863
-1682
-4812
-2375
-7818
-4542
-8214
-6271
-7231
-4664
-4414
-4894
-178
-6854
-4404
-3824
-1940
-7103
-350
-4859
-7582
-2957
-2244
-6763
-3975
-4620
-8802
-6555
-7023
-5935
-5427
-6007
-4550
-90
-8544
-8819
-1273
-8137
-3020
-3082
-4513
-380
-8071
-1623
-711
-6271
-668
-9000
-1823
-2912
-3387
-5476
-8127
-6034
-3250
-5159
-2850
-7915
-8385
-1233
-4897
-5624
-4502
-4406
-5140
-6598
-8663
-5991
-1451
-8180
-5305
-3742
-1892
-2587
-1092
-8601
-3456
-7536
-5654
-4424
-8160
-8666
-7083
-3241
-2463
-2276
-6324
-1790
-2030
-5655
-7775
-5239
-1545
-473
-8034
-3494
-8169
31
-3467
-487
-6809
-8799
-8395
-1328
-5734
-2856
-570
-6071
-8603
-5365
-3311
-8456
-1617
-5904
-4262
-1693
-1073
-8515
-3660
-7033
-4764
-2986
-7791
-971
-3966
-8705
-8272
-7899
-1984
-4241
-6119
-5325
-3612
-6768
-6832
-8871
-2890
-8737
-3586
-3663
-2779
-3134
-4619
-1569
-3295
-8160
-8191
-990
-7832
-8413
-8899
-330
-1735
-5645
-8726
-7166
-3490
-724
-4262
-1120
-6304
-4320
-4179
-6434
-7758
-5405
-584
-1514
-1154
-6776
-5328
-7622
-5723
-7287
-4387
-943
-4348
-6594
-2322
-15
-3992
-6828
-8340
-5523
-6679
-6801
-661
-5044
-7179
-2262
-483
-6838
-1841
-6679
-8389
-2374
-2097
-7626
-637
-2280
-3451
-5083
-2564
-4802
-7601
-7111
-7697
-517
-5707
-2761
-8675
-1221
-6024
-6101
-2776
-6461
-1279
-5799
-3809
-8688
-7790
-4514
-3364
-1786
-6266
-7956
-2524
-7188
-3955
-6142
-3175
-8839
-2990
-7516
-1342
-2379
-7982
-552
10
-3756
-7648
-3025
-3439
-2315
-84
-4696
-7490
-7686
-701
-5426
-249
-1613
-4752
-5222
-2428
-1515
-7306
-6122
-8185
-5718
-6670
-6535
-4228
-3314
-647
-4623
-7183
-5515
-7518
-3270
-6268
-1311
-6944
-440
-8325
-6681
-6181
-5514
-1366
-6512
-8286
-2111
-8517
-2309
-3420
-3090
-3794
-8762
-2462
-3958
-6730
-5244
-6033
-4183
-8729
-3795
-122
-4298
-7702
-4196
-5842
-4707
-2600
-6638
-5301
-7514
-8271
-1782
-8425
-4102
-6330
-4194
-7859
-4785
-1318
-7759
-1174
-2005
-7845
-5132
-4593
7
40
-600
-3762
-5228
-5446
-3763
-5827
-5341
-8110
-7988
-5033
-8549
-4620
-149
-1662
-1847
-6555
-2362
-6652
-445
-3063
-2453
-6300
-6961
-2465
-4613
-6908
-3340
-5744
-6828
-93
-8738
-1691
-6946
-8243
-5607
-4589
-6226
-1292
-7143
-1297
-3590
-6152
-4795
-8315
-6657
-2635
-5568
-8040
-291
-6631
-8770
-643
-3473
-32
-3482
-2477
-4690
-8259
-8063
-8733
-8921
-5360
-7684
-5720
-3293
-6612
-5070
-3676
-1376
-7003
-5588
-8919
-7084
-5754
-6750
-5302
-4027
-3006
-2420
-6632
-5656
-6153
-4546
-1043
-4318
-6422
-1698
-6732
-8105
-1645
14
-7667
-2729
-4737
-2839
-2587
-3620
-8682
-5697
-7022
-3578
-4442
-6211
-6801
-3988
-8436
-130
-5906
-1248
-5970
-6029
-3406
-3564
-6826
-2560
-6078
-7363
-7308
-488
-7548
-425
-8899
-7817
-4416
-5851
-1404
-5020
-3903
-2515
-5125
-2211
-4882
-3955
-6462
-8932
-3751
-7098
-8708
-5751
-3542
-2190
-7740
-6283
-6605
-8508
-6505
-8132
-4872
-5018
-3365
-2176
-4411
-5661
-4160
-5500
-4171
-4951
-6950
-8257
-3374
-7194
-7185
-4946
-3372
-8741
-7142
-355
-1102
-6336
-7006
-2937
-6116
-5600
-402
-6939
-5823
-941
-4749
-3841
-7992
-6169
-7150
-1358
-496
-1247
-3737
-7657
-5016
-5277
-909
-5807
-8823
-8955
-3483
-124
-8450
-187
-1276
-4664
-7352
-6368
-4856
-525
-8842
-5109
-1828
-5397
-7628
-6713
-4317
-6735
-7727
-5525
-8229
-915
-4040
-955
-3428
-3435
-2771
-5594
-8833
-6903
-6694
-3409
-8800
-7697
-845
-7053
-384
-3441
-3290
-4999
-8340
5
-6779
-395
54
-8081
-6888
-1621
-1353
-5535
-7384
-5209
-2465
-5065
-8849
-8224
-4957
-6650
-795
-7863
-8208
-3993
-4502
-7856
-650
-1910
-4330
16
-2795
-5414
-8277
-5714
-2287
-316
-3892
-2030
-7106
-3887
-2167
-6861
-43
-8791
-4526
-4334
-1083
-4709
-6836
-8463
-3440
-4897
-3658
-4084
-941
-1285
-917
-7668
-4302
-5384
-8384
-4453
-5444
-7368
-1424
-8616
-3270
-3527
-514
-2930
-5712
-1911
-1302
-527
-7023
-7890
-2150
-3845
-6959
-1149
-4034
-3930
-4140
-15
-1874
-2732
-7776
-4324
-5253
-6430
-6392
-1982
-5811
-8047
-2505
-472
-3148
-6951
-3132
-96
-3778
51
-6063
-6252
-8132
-8222
-2830
-769
-6570
-3785
-2086
-492
-6691
-8150
-5709
-389
-5288
-7166
-1389
-3972
-3332
-4346
-6434
-2348
-6011
-4400
-5619
-5775
-6899
-7335
-3861
-3790
-6755
-8532
-1055
-8442
-892
-6859
-6698
-1718
-4459
-3921
-5416
-4597
-7995
-7557
-2301
-4942
-7577
-3085
-474
-6331
-4160
-5932
-5029
34
-4953
-3628
-4802
-2466
-4231
-1836
-4311
-7743
-252
-648
-7999
-4079
-6817
-2741
-7546
-170
-5300
-4482
-5954
-7595
-8299
-5432
-8642
-1019
-5742
-5204
-2842
-2825
-2310
-6738
-3861
-8146
-8254
-1663
-588
-8681
-821
-8429
-7898
-6054
-5583
-5207
-5205
-5485
-5943
-4371
-3070
-5388
-1038
-8275
-2482
-4950
-8172
-1678
-2192
-6222
-4319
-3629
-7019
-5700
-2999
-4515
-8434
-8395
-8094
-3964
-1176
-690
-6037
-3356
-7954
-7060
-6292
-2061
-2354
-1866
-1487
-4335
-7324
-2522
-6431
-5290
-3555
-5999
-4184
-3983
-1214
-8459
-5584
-4944
-8768
-3462
-493
-8278
-7216
-8998
-7671
-5285
-6417
-6248
-171
-5521
-5846
-4050
-3893
-6405
-8473
-7468
-2467
-895
-8262
-4870
-4055
-630
-4540
-1181
-7022
-5484
-8302
-815
-2593
-8505
-1088
-5439
-1807
-5542
-7880
-8774
-8660
-6430
-2973
-7770
-4818
-1158
-7504
-5924
-1112
-5972
-536
-3739
-8314
-7057
-7462
-1618
-6990
-6812
-774
-5975
-5991
-154
-3429
-4524
-8481
-3703
-8355
-4173
-897
-4141
-3798
-1923
-2778
-6560
-1186
-8497
-2069
-298
-1077
-943
-1259
-5716
-1537
-8959
-7505
-1783
-5476
-1778
-7930
-4054
-7173
-7904
-1042
-7134
-1786
-7646
-6935
-8945
-3400
-4709
-7944
-5055
-4071
-8053
-3927
-3189
-1682
-7414
-4148
-8227
-5093
-6259
-8859
-6838
-4524
-8609
-4746
-8068
-3200
-4158
-7108
-219
-6600
-6994
-6246
-6682
-6372
-3424
-7303
-1274
-8548
-146
-580
-2406
-7717
-3799
-7732
-8946
-7912
-3479
-5373
-6616
-2177
-7217
-6683
-4052
-5366
-7627
-4959
-220
-4725
-3682
-8078
-3636
-753
-5971
-8704
-7698
-8732
-4185
-7608
-3503
-168
-8627
-8910
-8530
-7143
-5855
-7553
-7631
-1699
-5298
-7229
-5153
-6699
-6882
-1054
-6441
-7603
-1114
-3478
-7007
-5422
-1824
-7287
-6344
-6688
-5421
-579
-5272
-6341
-3729
-2242
-558
-4121
-7795
-8144
-7308
-6271
-2585
-4292
-7214
-8152
-6801
-3726
-2453
-4823
-2329
-1616
-1956
-5055
-3627
-8393
-7144
-1749
-5240
-7978
-847
-2460
-8630
-4908
-2286
-1233
-298
-5673
-5010
-5158
-7292
-894
-6422
-6630
-5656
-7754
-8439
-3572
-6727
-8576
-1443
-1918
-6242
-7430
-6194
-8274
-7349
-7776
-6621
-1675
-6902
-705
-7298
-6552
-7681
-1006
-5186
-3481
-5005
-6398
-2716
-5494
-5552
-6000
-6696
-4508
-6099
-7358
-6930
-8911
-8624
-5048
-1666
-7174
-241
-4123
-341
26
-214
-7295
-4571
-8671
-8439
-5155
-4484
-6140
-1575
-2539
-6612
-1901
-4112
-3929
-5069
-8060
-3713
-4165
-2097
-4973
-7080
-7017
-883
-528
-8315
-962
-4869
-205
-6631
-8567
-4401
-6778
-4257
-2409
-7915
-1475
-7599
-5987
-5793
-6492
-4553
-8743
-2774
-6626
-7185
-8793
-3698
-7440
-6354
-8334
-1329
-7849
-2299
-57
-2864
-806
-847
-6459
-3832
-4908
-4116
-4714
-1857
-5876
-4493
-4060
-2070
-3107
-4462
-980
-6956
-7379
-3638
-5791
-3253
-4426
-1787
-5545
-1864
-7995
-8221
-2376
-2766
-4986
-4540
-4727
-4306
-7762
-6307
-3974
-1233
-5801
-3021
-3541
-8059
-3723
-5395
-1811
-8792
-8381
-8506
-7251
-7645
-2960
-1093
-5146
-8664
-6861
-4994
-7880
-4664
-7843
-5389
-6620
-8349
-3221
-8063
-6349
-4060
-8963
-7765
-3341
-6794
-6611
-732
-6809
-1834
-534
-7184
-2821
-3256
-4134
-4356
-7623
-2413
-3497
-6099
-3841
-5812
-4238
-1451
-7737
-8596
-5821
-5701
-4624
-6211
-7002
-1138
-6848
-1439
-378
-4270
-1328
-7366
-978
-4657
-3590
-827
-2825
-2353
-5401
-8149
-1251
-5524
-8474
-4398
-8794
-7573
-491
-3195
-6069
-7427
-376
-8515
-4953
-7901
-3872
-8283
-5105
-2289
-2409
-8762
-293
-8742
-1874
-4543
-6593
-5790
-6504
-6397
-8763
-6330
-387
-6529
-4013
-2779
-4857
-6972
-1249
-6193
-4358
-8035
-613
-6018
-4612
-1850
-7612
-900
-5734
-4996
-4772
-346
-7181
-6042
-2632
-2666
-3548
-5596
-2513
-8621
-7789
-7825
-8169
-8689
-3904
-7365
-1767
-6719
-6313
-7452
-5801
-7449
-6794
-2578
-7871
-1513
-6333
-5984
-2238
-16
-8320
-3627
-3903
-7441
-4502
-4417
-5507
-2998
-6502
-7460
-4380
-2593
-7218
-7398
-2749
-7296
-6477
-5075
-5806
-1718
-2742
-3614
-1433
-2151
-7690
-5405
-1516
-6860
-2445
-413
-5166
-5887
-156
-8072
-739
-7377
-4737
-6430
-7749
-2952
-3410
-7168
-1740
-450
-5779
-174
-7459
-6931
-2323
-7448
-1323
-2408
-6853
-8349
-8927
-7516
-7149
-3166
-5088
-1834
-7820
-6925
-4899
-3732
-2748
-4199
-7145
-307
26
-3916
-4055
-4030
-8760
-6061
-1235
-3364
-8523
-1905
-7309
-2541
-5364
-4245
-3145
-4893
-8235
-1503
-8694
-268
-6861
-4204
-6225
-3417
-4408
-2469
-3189
-7286
-835
-5896
-4668
-5471
-5853
-7301
-3742
-3482
-2379
7
-8484
-4408
-112
-2993
-8255
-8528
-3922
-7664
-2
-2767
-3274
-3847
22
-3769
-1034
-3049
-4818
-1003
-6769
-2070
-5977
-958
-4446
-3435
-8710
-5459
-5091
-3766
-8522
-2001
-4030
-7250
-7852
-7420
-1300
-3366
-5798
-907
-4656
-6288
-4675
-5228
-6322
-7326
-4340
-885
-5693
-8975
-1106
-1706
-7713
-8681
-3907
-4629
-2225
-3941
-879
-5425
-480
-6032
-7544
-871
-7875
-4381
-2910
-2557
-7611
-3418
-7321
-3701
-4641
-2071
-7322
-5063
-3029
-5717
-854
-3001
-7787
-4164
-5468
-4540
-3370
-3381
-8565
-6741
-7367
-2093
-1481
-3163
-7197
-5688
-3945
-1345
-4077
-5019
-5265
-8863
-8829
-5372
-8386
-6021
-6750
-541
-551
-8554
-7437
-7909
-5554
-8189
-8382
-2294
-7033
-8117
-885
-8173
-2964
-6137
-2623
-7311
-8198
-8602
-4017
-1737
-5057
-424
-6719
-2656
-3903
-7992
-3644
-4968
-8743
-7376
-4269
-8058
-8718
-6936
-8359
-5131
-4529
-1209
-6654
-4601
-5074
-8535
-5139
-8543
-118
-2989
-8571
-560
-8628
-8928
-7913
-2712
-2910
-6870
-7760
-685
-691
-3533
-5236
-8836
-1905
-3020
-3240
-5264
-6372
-5685
-41
-8570
-2706
-4398
-7579
-8936
-1315
-7073
-1368
-5085
-4696
-2282
-7652
-4725
-7468
-5568
-2938
-6438
-678
-5707
-745
-6066
-6273
-4883
-5035
-365
-3698
-7665
-2223
-8512
-1172
-2178
-7230
-8277
-5721
-5185
-961
-6296
-5518
-5972
-8791
-2336
-483
-8224
-2012
-5178
-2804
-3021
-3645
-5621
-2989
-4890
-6614
-2890
-4455
-3654
-6850
-5239
-5587
-8067
-3474
-6322
-5340
-5927
-152
-5197
-7392
-4868
-7479
-2415
-4824
-4962
-1164
-8771
-8224
-6870
-965
-8980
-2870
-8857
-1471
-4602
-4017
-2537
-6064
-2522
-5200
-6324
-1799
-5666
-8810
-3482
-7352
-2699
-2889
-4441
-5355
-8435
-4358
-7449
-6198
-7340
-6946
-5477
-5087
-566
-4068
-6464
-8456
-3798
-3704
-953
-7183
-3970
-7709
-3687
-1606
-3888
-7020
-5065
-2442
-4554
-2787
-8406
-4632
-7327
-7468
-7789
-1818
-3109
-922
-7831
-8428
-1920
-6038
-852
-8655
-8724
-8821
-8265
-6305
-3209
-8016
-5558
-738
-4776
-8300
-3542
-6392
-6747
-6662
38
-5174
-4531
-8305
-4536
-950
-8384
-3153
-7516
-6715
-622
-739
-148
-1985
-7560
-5656
-33
-5389
-8243
-62
-1586
-7210
-6239
-7687
-6694
-3763
-8540
-7689
-7698
-7977
-8844
-590
-5345
-6231
-3848
-3674
-5558
-7002
-3204
-5020
-3823
-824
-1669
-6063
-1461
-6927
-8149
-15
-8085
-6781
-5239
-24
-4259
-7327
-3686
-3378
-6096
-7074
-489
-1538
-1489
-3192
-6651
-3731
-2368
-5174
-6064
-4160
-2788
-929
-4603
-4158
17
-1011
-1826
-379
-2985
-3811
-3681
-1793
-376
-6042
-2821
-4470
-4790
-6504
-5935
-1679
-6465
-2698
-1193
-4346
-3608
-6464
-4428
-4919
-5919
-6990
-4034
-4144
-4887
-7763
-8737
-4534
-3707
-5865
-610
-7600
-4220
-8908
-7524
-7999
-4129
-7402
-5930
-814
-6922
-590
-8191
-8154
-6620
-8323
-3763
-4142
53
-1777
-945
-2386
-3297
-501
-4355
-7783
-2364
-8813
-7010
-4249
-6291
-4759
-7065
-3577
-8108
-5941
-8066
-4191
-857
-3762
-7433
-895
-5306
-7244
-3645
-3638
-6345
-1762
-405
-6422
-4914
-8833
-8343
-6625
-888
-2923
-7762
-7412
-4437
-7202
-7679
-1748
8
-7142
-6990
-4593
-7757
-1810
-8435
24
-7912
-4626
-2029
-4727
-6354
-5992
-5814
-6293
-5019
-3869
-1174
-646
-2852
-136
-2614
-1283
-1197
-6244
-8507
-8616
-2175
-7635
-7922
-5621
-372
-7662
-6142
-4679
-8036
-159
-2793
-3936
-5258
-6063
-5117
-7452
-5274
-5122
-8818
-6076
-8569
-1208
-6159
-6274
-5252
-8357
-3782
-7341
-7691
-7879
-4777
-7264
-7465
-5975
-5755
-3202
-5833
-6397
-312
-5533
-6829
-626
-4258
-7617
-3855
-4729
-1154
-3561
-5562
-7556
-3395
-7931
-919
-1786
-2636
-5874
-8187
-104
-1306
-6401
-1838
-5091
-2180
-6896
-8457
-4508
-8346
-6618
-8788
-1161
-8722
-6092
-502
-7911
-2336
-2908
-7932
-7553
-4359
-4269
-5095
-6628
-611
-8827
-3202
-917
-7638
-5691
-2108
-7740
-8447
-8331
-2308
-7524
-6789
-6917
-8538
-893
-1363
-4633
-4721
-6367
-5755
-420
-5620
-1855
-6858
-6492
-7409
-5296
-3596
-8973
-2342
-4949
-8148
-8186
-3377
-8409
-3787
-2255
-1767
-8733
-946
-1749
-5775
-6544
-7018
-3233
-5476
-2694
-1965
-7325
-3360
-3508
-5976
-5637
-8683
-4969
-8260
-4731
-7075
-6686
-2844
-1766
-4799
-8822
-8706
-929
-1539
-8096
-1351
-3981
-7239
-2365
-5532
-3536
-4286
-6644
-5651
-5741
-1851
-5151
-226
-3518
-749
-6687
-8406
-6807
-6582
-5845
-2658
-6675
-2994
-5650
-4435
-3701
-6652
-5902
-8789
-6026
-851
-8106
-2002
-8829
-8759
-7626
-5829
-2368
-4133
-7941
-4570
-1344
-5052
-1611
-957
-4721
-7173
-2669
-6201
-5722
-3130
-1610
-905
-2225
-2623
-7129
2
-3777
-6895
-5658
-4567
-7289
-4074
-1027
-187
-6410
-6959
-7474
-203
-7495
-5618
-6922
-1904
-1367
-94
-8604
-4222
-1183
-6699
-5250
-4153
-46
-4840
-5620
-3524
-1858
-6062
-6851
-1855
-8464
-7225
-6605
-6948
-5629
-2397
-7213
-1982
-5915
-331
-5942
-1757
-3437
-6529
-4136
-7418
-5313
-6096
-1047
-1115
-2365
-1111
-884
-4044
-693
-7021
-4264
-5544
-2489
-5313
-3862
-6042
-4710
-5829
-8841
-5337
-4407
-8199
-8513
-653
-7444
-2601
-7279
-727
-2981
-7728
-8299
-2048
-7812
-3048
-6327
-6535
-7640
-849
-8641
-3900
-6753
-733
-7112
-2832
-7
-6619
-8223
5
-413
-1486
-7095
-5989
-5961
-7642
-6852
-4577
-1385
-7233
-6886
-5562
-8828
-611
-5004
-4806
-2843
-3674
-6003
-6922
-713
-8257
-5606
-2216
-5494
34
-7194
-407
-3928
-2542
-551
-7864
-706
-2002
-3263
-2713
-8130
-3237
-5364
-4472
-8130
-5551
-6593
-8793
-8010
-4719
-4763
-6623
-1110
-8755
-7665
19
-6092
-1567
-3587
-7010
-912
-7510
-6820
-8971
-5983
-8946
-5242
-4735
-2377
-8825
-7779
-7538
-7728
-5412
-2188
-1950
-6957
-6222
-4969
-8630
-4658
-8532
-7507
-3732
-1496
-2283
-7207
-1633
-8910
-435
-6540
-6535
-5409
-5145
-4294
-7290
-4578
-8522
-4712
-1040
-6403
-6614
-4107
-6143
-4020
-2592
-2259
-4673
-8518
-8080
-2166
-5486
-7462
-4968
-5318
-7481
-2229
-2352
-4215
-8405
-6553
-1776
-7841
-4155
-1444
-7388
-5092
-8363
-569
-8634
-8401
-3458
-4045
-8544
-6586
-2424
-4309
-4395
-6881
-4013
-1212
-4339
-5504
-4087
-383
-8880
-6875
-391
-3619
-8158
-7552
-7854
-228
-4205
-4186
-8543
-6323
-7752
-256
-7901
-6324
-7176
-7475
-8703
-8880
-8895
-1848
-371
-7923
-8868
-8142
-2978
-8289
-5563
-5764
-1557
-8185
-8161
-6059
-1690
-8800
-5587
-7433
-6499
-1286
-1721
-4653
-285
-3932
-6665
-4013
-1707
-4638
-6487
-7590
-7627
-8014
-5389
-7400
-8286
-1994
-8064
-84
-6406
-8406
-9000
-6480
-1442
-3720
-5687
-5656
-7365
-5605
-5564
-3350
-8841
-5409
-2560
-4261
-7104
-8164
-3782
-3619
-5913
-248
-7130
-1710
-4830
-2545
-4033
-2609
-3907
-5400
-6175
-5144
-7064
-6752
-4173
-3708
-1797
-6228
-1078
-4821
-8283
-4181
-5705
-8915
-5572
-5889
-6863
-6193
-716
-4332
-94
-453
-8191
-1083
-5049
-7718
-1153
-8191
-4476
-1196
-6893
-3225
-6984
-7993
-3027
-167
-5647
-4147
-8465
-8110
-4723
-2554
-8314
-6326
-6323
-8664
-5601
-3311
-1829
-1681
-714
-2172
-3507
-6537
-8848
-771
-1367
-5731
-3492
-7246
-2857
-342
-8448
-3237
-6179
-5683
-4005
-2220
-3504
-5654
-201
-2853
-2895
-6761
-2729
-7602
-7700
-3361
-4024
-1456
-8387
-4770
-6923
-8656
-6509
-3451
-6915
-5193
-7233
-785
-8034
-8539
-4968
-4397
-8931
-3120
-8104
-699
-5528
-7703
-1697
-2080
-1898
-1040
-6543
-119
-6757
-4283
-7235
-3050
-2987
-6555
-8711
-4273
-2882
-6398
-2920
-8490
-3628
-8037
-623
-8931
-5850
-1377
-7506
-6754
-1843
-8594
-7637
-7905
-4955
-8647
-4145
-3509
-194
-6647
-2500
-2761
-5430
-5895
-7878
-2599
-5469
-5695
-8276
-6970
-7469
-3798
-8127
-6400
-5899
-5444
-4414
-4236
-6595
-8551
-810
-2392
-3120
-6232
-7573
-4399
-2223
-4750
-6300
-6
-4158
-6611
-7857
-6115
-2368
-8775
-7586
-6157
-2007
-6535
-7938
-6952
-8626
-3020
-1864
-5107
-1249
-3700
-8310
-5917
-5745
-8261
-258
-4627
-8559
-8767
-5459
-4738
-4683
-7592
-7056
-6930
-4833
-8445
-6532
-1454
-3024
-5755
-7759
-6915
-1355
-8759
-1193
-1627
-3825
-6940
-3552
-215
-4473
-2480
-5089
-4485
-8299
-3130
-2333
-4650
-5732
-7678
-3280
-7307
-3398
-7871
-6640
-1499
-4523
-7466
-7112
-4969
-4252
-182
-7654
-3126
-1930
-8919
-4101
-2898
-5643
-6612
-3286
-4927
-5387
-6025
-1028
-727
-6446
-7660
-4851
-4299
-3907
-3221
-6095
-6863
-6648
-6058
-7982
-2238
-787
-78
-5245
-673
-3375
-3074
-169
-2320
-4356
-8127
-7242
-4387
-1311
-8451
-6401
-8952
-1595
-2900
-6217
-6442
-530
-4304
-6962
-40
-5488
-6424
-3912
-4960
-6427
-3339
-8393
-6286
-3812
-1890
-6602
-6555
-5130
-8035
-6721
-8022
-5872
-2994
-5637
-5149
-5704
-8414
-1442
-107
-3333
-7835
-5895
-6091
-7378
-8995
-3564
-4569
-4658
-6436
-4456
-5103
-2142
-7200
-7885
-4674
-7867
-5148
-7388
-7685
-74
-8021
-4752
-5854
-336
-5121
-8548
-7559
-4874
-1807
-7583
-4035
-3548
-3871
-8603
-7690
-3814
-5610
-6904
-1505
-537
-3176
-3880
-1584
-4840
-4242
-7803
-8879
-363
-3184
-6882
-5729
-6412
-3652
-3700
-2509
-7516
-3487
-8077
-6885
19
-2770
-6975
-2660
-7822
-3689
-879
-2341
-4117
-8037
-5488
-3236
-4249
-5341
-1408
-3185
-211
-5486
-7352
-560
-7158
-2950
-8801
-5678
-6571
-7431
-3165
-7005
-7555
-695
-1509
-1716
-8665
-4561
-2594
-1825
-5815
-822
-4361
-8919
-7643
-5798
-5168
-5607
-3306
-374
-2812
-7363
-1597
-2437
-1484
55
-1948
-8267
-2553
-3303
-6406
-1918
-2716
-4127
-4394
-5271
-5213
-5132
-3723
-4626
-6446
-1266
-561
-8009
-562
-7790
-1674
-5148
-7547
-8159
40
-1878
-922
-992
-4683
-4070
-5976
-5138
-350
-332
-3585
-5393
-1809
-4519
-2513
-8168
-6290
-5233
-4495
-766
-1617
-6711
-2575
-931
-7726
-7674
-1249
-764
-6725
-513
-6500
-8536
-4252
-4308
-7655
-1450
-1398
-5426
-3803
-6765
-5539
-1148
-8817
-1826
-8630
-4809
-8268
-3603
-6945
-1477
-3745
-3497
-1149
-4849
-7021
-2354
-8932
-2816
-6617
-6248
-6794
-7269
-711
-5968
-1240
-4573
-7339
-2253
-6480
-895
-4348
-8204
-4771
-7988
-3594
-4665
-4825
-2132
-8162
-4415
-2265
-1567
-1366
-4342
-5063
-4214
-4388
-5176
-6130
-8687
-7395
-7620
-8678
-3151
-4846
-6853
-8848
-2774
-8975
-4456
-1620
-5068
-5790
-5358
-7736
-2454
-7737
-2
-3696
-5613
-2882
-5938
-1530
-2987
-4416
-4591
-1922
-3740
-847
-3666
5
-8116
-6445
-6966
-4256
-1484
-27
-6632
-5371
-6308
-8618
-6849
-3849
-8177
-5535
-6880
-7464
-3476
-5039
-8651
-146
-3487
-6985
-7201
-2941
-82
-4906
-2645
-2352
-8665
-8745
-631
-5943
-3137
-7591
-5475
-4732
-7247
-4954
-7917
-4076
-5536
-6768
-4594
-1374
-8863
-5798
-4884
-8989
-5254
-3344
-381
-711
-8415
-3593
-8812
-5539
-6410
-1391
-5068
-8384
-1228
-7627
-8154
-6716
-3822
-5194
-2814
-6391
-8012
-5525
-5841
-203
-6549
-3516
-7341
-7941
-2262
-6651
-5607
-6270
-965
-3760
-8233
-4699
-4478
-4347
-6014
-4980
-7316
-4561
-4368
-5757
-4849
-6924
-3657
-539
-4574
-7855
-4079
-8089
-4600
-6354
-8290
-2362
-8085
-7613
-6463
-7100
-3087
-3917
-8546
-4530
-6467
-6994
-1666
-4931
-7871
-4099
-1214
-491
-8724
-997
-5431
-6492
-3198
-1387
-7974
-1742
-880
-4910
-5153
-1455
-2766
-8544
-4502
-4615
-5129
-7174
-5718
-7941
-4426
-5180
-7091
-7719
-7304
-811
-6458
-8597
-6212
-3877
-5358
-4672
-886
-4055
-7407
-4211
-6474
-6590
-3802
-1784
-3215
-5518
-3128
-4396
-6868
-4731
-4162
-5333
-5540
-2446
-1753
-1897
-6408
-8929
-7381
-1759
-8225
-4597
-6406
-5231
-4589
-1202
-8006
-1668
-7906
-4349
-2335
-7647
-3993
-5305
-2604
-6868
-8494
-1681
-4744
-1778
-5966
-5639
-7367
-2982
-5731
-5811
-125
-356
-3551
-3819
-4604
-4068
-3895
-6677
-8856
-5061
-1108
-8832
-7256
-790
-5451
-8846
-3700
-4401
-3908
-6714
-1412
-5163
-3548
-3120
-5419
-1268
-5848
-3095
-6739
-7292
-5928
46
-4123
-8216
-2994
-4912
-1116
-4973
-3969
-1923
-768
-5501
-2285
-6723
-7007
-3125
-933
-5241
-8819
-5502
-439
-1101
-2320
-3800
-4841
-4505
-3888
-6785
-8172
-6272
-4174
-3014
-6080
-3400
-8565
-1552
-8377
-3529
-853
-6066
-1064
-6400
-351
-7910
-2811
-4717
-1568
-4269
-7690
-1059
-205
-4322
-8749
-314
-2050
-4419
-2740
-7054
-6429
-4585
-4138
-605
-8736
-4282
-4368
-7086
-1786
-97
-4563
-6231
-5861
-5557
-4893
-6479
-8900
-1569
-1569
-4928
-7065
-4130
-6012
-4786
-2048
-3763
-1523
-782
-4492
-1800
-2602
-2520
-7991
-8576
-5896
-6997
-5259
-254
-7751
-805
-5476
-2452
-7787
-7008
-3755
-384
-443
-8357
-8069
-6887
-3739
-7328
-4962
-2710
-1604
-799
-29
-7186
-7891
-2376
-2585
-1988
-1807
-7325
-2005
-7315
-2597
-2379
-4605
-1777
-5410
-5345
-2817
-2099
-7816
-442
-5331
-5698
-7915
-8023
-7907
-800
-8264
-7637
-7598
-2215
-3367
-5838
-2014
-1666
-1963
-4191
-3384
-694
-3662
-4720
-4708
-992
-4343
-8214
-8053
-2414
-3625
-4106
-7495
-3410
-8411
-6155
-6955
-8198
-3295
-3173
-4401
-8121
-7108
-7754
-1712
-7052
-4530
-8314
-4544
-5402
-3870
-4549
-8579
-6260
-3499
-8213
-5744
-6275
-3822
-7578
-3815
-8356
-7650
-7266
-7967
-4274
-6351
-5385
-991
-5844
-8215
-5002
-3814
-6715
-641
-2591
-8393
-5710
-775
-3927
-4005
-8506
-3796
-5214
-5426
-4158
-2579
-3721
-1553
-1948
-3502
-6478
-553
-2927
-2228
-6477
-7181
-4409
-4716
-5776
-3725
-167
-3562
-8288
-7410
-3462
-1119
-5776
-1535
-4894
-4883
-1879
-2213
-7766
-5177
-7174
-7841
-3659
-3246
-5310
-957
-3498
-3087
-6672
-6403
-5785
-6578
-3414
-236
-3999
-5931
-5139
-3737
-8180
-4077
-8771
-6495
-865
-4755
-1611
-1917
-6561
-59
-7490
-6413
-6762
-5212
-7168
-2772
-5068
-1237
-5042
-5671
-8759
-8579
-5666
-3898
-2551
-3394
-4935
-7892
-3694
-1966
-4724
-2357
-3053
-1138
-5265
-7608
-4623
-3635
-2915
-1243
-222
-3988
-8923
9
-6689
-7397
-5377
-5934
-3941
-3800
-8481
-4718
-4860
-8573
-7884
-8558
-8230
-2897
-737
-1972
-5973
-3628
-5008
-2498
-4095
-5329
-8715
-7330
-1415
-985
-3609
-7445
-6145
-6888
-8582
-8004
-7837
-4774
-2573
-3963
-1513
-6733
-4773
-2979
-991
-7025
-7917
-8193
-3784
-5222
-3823
-6404
-6832
-8532
-7804
-5183
-51
-8086
-2481
-8414
-6932
-4964
-8011
-4967
-5711
-8383
-4249
-4464
-8856
-7852
-8559
-8788
-8175
-2699
-7734
-3813
-3332
-3018
-1685
-3366
-6517
-8111
-4448
-8713
-7572
-3839
-5085
-6062
-6943
-8887
-7129
-7131
-1087
-4215
-3650
-4906
-5470
-3595
-4471
-7169
-8858
-4148
-1700
-1151
-2383
-4936
-4959
-2729
-5249
-7521
-8046
-5284
-5273
-7545
-3635
-491
-8593
-8082
-1330
-2372
-8861
-4071
-6577
-5923
-7455
-2740
-6571
-456
-7223
-4745
-638
-4466
-8788
-2125
-4893
-3842
-4520
-4061
-7348
-2778
-8268
-1556
-1882
-1663
-5749
-8278
-8957
-5197
-4433
-5004
-7197
-5466
-2526
-2237
-2460
-2862
-1292
-7362
-8339
-1040
-329
-8385
-1857
-8258
-6581
-1898
-541
-2878
-7877
-6420
-1689
-6853
-6684
-6580
-8193
-8985
-2563
-6352
-5239
-2943
-8960
-2031
-6124
-8794
-7094
-3264
-6439
-7032
-7104
-1916
-1852
-3015
-1422
-8675
-5661
-6582
-4110
-7771
-7257
-506
-6582
-1949
-2915
-6522
-5685
-1569
-2422
-9
-232
-7949
-2720
-6450
-2994
-2458
-7960
-3913
-2093
-6006
-2587
-2288
-336
-3713
-1573
-6433
-4265
-7068
-7069
-4078
-1608
-8750
-2417
-8250
-5286
-4007
-3959
-6480
-6084
-5932
-6650
-5555
-8949
-7062
-3543
-1104
-6177
-8184
-7131
-5558
-8975
-6927
-8707
-883
-6422
-3601
-6543
-3867
-8304
-1264
-8391
-8706
-5355
-5726
-1716
-6448
-5998
-2591
-4301
-7045
-4939
-70
-8050
-3657
-6237
-7828
-3858
-2794
-5845
-5810
-7093
-1500
-6090
-726
-371
-7959
-1738
-4306
-8078
-644
-536
-5313
-8684
-8041
-5342
-5145
-3321
-731
-1760
-6903
-907
-3541
-8832
-3456
-2080
-8809
-6696
-5664
-2890
-5656
-2337
-774
-4941
-6166
-6760
-5525
-3636
-6908
-2846
-212
-2302
-3671
-6409
-220
-1754
-8364
-3195
-2373
-3256
-7370
-357
-1415
-4987
-3670
-8059
-3503
-177
-2214
-3423
-4771
-2934
-5780
-8995
-4812
-1212
-1431
-4167
-4914
-3692
-2565
-5173
-8013
-4797
-8903
-8269
-7051
-3971
-6001
-5849
-3919
-4463
-6612
-8299
-2344
-1530
-336
-6656
-6466
-7420
-1531
-7731
-7579
-298
-468
-4746
-3189
-2623
-5630
-3503
-5906
-3449
-8668
-2502
-1919
-8771
-4819
-3200
-4760
-4116
-1340
-8164
-4468
-3526
-5357
-5005
-1174
-2303
-933
-2801
-8880
-5147
-4407
-5953
-5068
-6898
-3622
-3863
-11
-1208
-3804
-2357
-4689
-5412
-8144
-1622
-7749
-8766
-5185
-5136
-8889
-8691
-3674
-8945
-5003
-7423
-7248
-8344
-8598
-7502
-5748
-2829
-5890
-1103
-6596
-3381
-8792
-3587
-5282
-850
-7786
-2874
-4916
-6107
-4119
-512
-3995
-4196
-4616
-4133
-5862
-4398
-3298
-4925
-1913
-5350
-3746
-6343
-6341
-4253
-2882
-4377
-3743
-5844
-7999
-4369
-3323
-1181
-7685
-2839
-4394
-4581
-8340
-7169
-8345
-737
-3920
-873
-3911
-5404
-3754
-8096
-5661
-4680
-3590
-5465
-1564
-588
-8695
-872
-3857
-359
-7317
-6221
-3956
-5833
-6934
-1652
-1202
-3465
-5665
-4189
-1858
-1430
-8660
-1070
-1146
-5090
-1426
-7047
-7108
-3625
-2459
-8028
-132
-2819
-6220
-2318
-5871
-5286
-1377
-3357
-6821
-6493
-230
-6429
-4100
-2833
20
-2590
-6320
-3269
-7740
-6767
-1894
-1202
-8752
-8390
-507
-1863
-6849
-4534
-4953
-5395
-5698
-1700
-8009
-4805
-7990
-6579
-1909
-3350
-2388
-7990
-4976
-4031
-4231
-8423
-366
-7772
-4001
-5621
-8225
-1417
-3245
-8556
-8570
-5104
-276
-5494
-2237
-5245
-6414
-7724
-3304
-3070
-7355
-7702
-824
-710
-5418
-7340
-7260
-7705
-268
-493
-1560
-7208
-1184
-4049
-4803
-1385
-7281
-2818
-7851
-6522
-4200
-3661
-7673
-3638
-7008
-6327
-7200
-7922
-1333
-2677
-4387
-5484
-4761
-8349
-8171
-931
-7901
-240
-8688
-6664
-7980
-8386
-2761
-8759
-4698
-8459
-4231
-4592
-4405
-7825
-6973
-7058
-1369
-6013
-1594
-8006
-3913
-8045
-1834
-8259
-4333
-7817
-6800
-1705
-7874
-1196
-6857
-3422
-2216
-2114
-7452
-5019
-8540
-5413
-3813
-3619
-1543
-7105
-3436
-3902
-5316
-6323
-6215
-6982
-1245
-8165
-6469
-4053
-182
-1443
-4815
-1240
-7626
-6286
-6874
-1498
-5027
-5359
-5935
-1389
-6882
-5685
-2543
-5919
-3801
-7116
-3642
-7049
-6755
-1050
-1467
-933
-2550
-1343
-90
-8236
-7192
-901
-6257
-8752
-4976
-7944
-7855
-7756
-3769
-1055
-2894
-7397
-5496
-6414
-7718
-666
-6627
-1162
-3971
-3914
-1916
-2445
-8341
-3745
-3689
-5601
-8385
-6829
-4004
-4943
-7034
-4537
-3426
-8735
-6356
-6773
-5207
-6366
-2140
-2124
-4523
-8594
-5530
-803
-6736
-2439
-6302
-233
-5387
-7644
11
-8669
-2689
-1915
-1882
-4313
-5333
-4256
-4804
-1801
-166
-4698
-8712
-5709
-5906
-4886
-6427
-3480
-1036
-568
-8361
-1948
-5984
-5248
-5804
-1197
-1329
-3276
-216
-6855
-7439
-1254
-296
-7971
-8749
-2728
-8170
-1332
-3422
-3818
-6063
-1400
-5943
-5532
-3021
-4291
-5861
-8843
-8084
-485
-4509
-8279
-8333
-1962
-8804
-4571
-8491
-6921
-8389
-7563
-3476
-5795
-25
-1649
-8850
-4719
-6682
-3422
-3912
-4228
-1944
-5103
-3635
-4885
-6302
-8859
-2716
-1975
-4667
-2079
-7201
-8926
-4680
-3259
-2208
-8165
-7028
-7175
-4303
-31
-328
-4101
-8716
-6114
-20
-7850
-6489
-5753
-2654
-5235
-3645
-6509
-5231
-6410
-1378
-6399
-2931
-2038
-8860
-2657
-7518
-4641
-1606
-4162
-5961
-3796
-8476
-8525
-8324
-5573
-8874
-1401
-6748
-3259
-2459
-6543
-7263
-1721
-5922
-3733
-4910
-3786
-1887
-8729
-4055
-51
-1627
-4022
-8041
-5165
-6715
-1266
-1203
-7621
-1509
-8690
-6528
-7916
-6748
-7863
-4688
-4413
-3548
-6552
-124
-3457
-6321
-319
-339
-6549
-5799
-7795
-8506
-2982
-5913
-5327
-6284
-5119
-4454
-1888
-6626
-8268
-4728
-2629
-38
-3076
-4428
-7859
-6636
-3808
-6143
-4139
-5215
-4462
-5755
-2410
-2424
-3084
-6515
-5223
-2113
-6866
-8091
-2466
-4995
-4587
-4346
-6846
-6227
-5422
-6297
-5961
-8848
-4817
-3864
-6079
-8254
-7731
-5617
-4864
-2413
-4702
-6192
-4469
-1964
-7450
-3481
-7025
-5673
-6707
-6225
-4253
-3766
-4921
-3444
-1291
-8982
-7480
-6259
-4438
-4120
-2489
34
-4546
-8826
-46
-3198
-619
-3985
-7250
-4393
-5474
-3236
-8406
-6645
-51
-1982
-5641
-1311
-2669
-8193
-7689
-8108
-4950
-1041
-3926
-8165
-7108
-8605
-7034
-3443
-3992
-4758
-6504
-8774
-1062
-3501
-6107
-2020
-8111
-7536
-8490
-1285
-8229
-6661
-7112
-6723
-7990
-2230
-4801
-3675
-4102
39
-727
-3870
-3780
-8147
-6688
-2161
-3729
-5251
-4794
-1184
-4540
-8440
-4910
-3622
-7712
-3066
-241
-8155
-7316
-1943
-8101
-4360
-5183
-7480
-4773
-7972
-5769
-755
-5447
-3678
-3588
-4434
-6925
-4919
-4995
-656
-4442
-1431
-1876
-8717
-3645
-7718
-7317
-8854
-4972
-7513
-8612
-8001
-7697
-5937
-4273
-7572
-3070
-1302
-2756
-8152
-5308
-245
-254
-5009
-6952
-7549
-7757
-6064
58
-4757
-5990
-1898
-8249
-7170
-5780
-3696
-4325
-2205
-6701
-2139
-2387
-98
-7833
-8328
-2800
-1514
-5854
-1937
-5253
-3344
-4361
-7008
-7645
-6375
-7467
-1929
-8284
-8082
-3474
-8140
-7027
-7533
-2887
-4889
-840
-929
-5495
-3522
-1215
-7217
-6222
-166
-2871
-6181
-6435
-5955
-4405
-3984
-4383
-1246
-6612
34
-8288
-6567
-3726
-5477
-5913
-8089
-5898
-2137
-3886
-18
-7981
-4329
-7915
-5834
-6373
-1717
-5442
-2010
-1198
-237
-2556
-2613
-4787
-5103
-7311
-3502
-8993
-3172
31
-8148
-5656
-7678
-7709
-4479
-730
-5428
-6960
-6269
-7014
-5905
-5847
-6644
-6906
-1092
-6957
-6871
-1187
-3314
-5662
-6227
-4800
-3527
-5749
-8132
-5351
-8818
-4756
-6413
-5320
-4390
-1877
-2668
-1859
-1006
-8795
-6800
-7172
-8739
-8163
-5409
-8647
-3396
-4571
-2789
-4394
-6719
-7585
-7002
-6521
-4927
-5923
-4466
-1340
-1212
-2236
-8768
-5592
-8897
-6067
-4092
-7182
-629
-5562
-7005
-8936
-7317
-3540
-2180
-5717
-4858
-5066
-2998
-3931
-7018
-1319
-2291
-7213
-8722
-89
-2840
-4859
-5611
-2978
-3854
-3071
-4816
-4359
-8819
-8871
-4446
-6472
-5520
-3892
-8060
-989
-2612
-1845
-827
-2521
-1579
-1961
-1568
-3107
-5928
-7193
-3946
-4770
-5058
-1870
-3151
-5509
-8094
-8939
-2157
-3110
-8758
-8935
-7214
-2960
-1758
-2131
-6957
-3029
-3635
-7697
-1244
-555
-6163
-444
-8595
-5614
-659
-2836
-8238
-2235
-1943
-3066
-8387
-8055
-2646
-6860
-917
-1785
-6159
-7387
-4477
-5370
-550
-1085
-1500
-142
-2372
-6045
-6165
-2320
-3264
-3626
-5103
-4214
-2650
-7433
-1051
-4097
-4858
-5437
-3051
-4599
-7060
-6437
-7206
-7505
-4085
-5774
-8929
-1825
-3111
-965
9
-5800
-3147
-2728
-3945
-212
-4194
-2531
-4191
-226
-6466
-4486
-8531
-8541
-1114
-6988
-1466
-5724
-7789
-4717
-6235
-4127
-3498
-1129
-5238
-7608
-4471
-8606
-8496
-3989
-4004
-2563
-3888
-7856
-7043
-2160
-3857
-4095
-5319
-285
-8582
-7735
-6959
-4925
-2007
-3251
-2618
-4475
-3667
-6181
-3781
-438
-4724
-8741
-8701
-2589
-3686
-7732
-5197
-8565
-6217
-7470
-329
-966
-8862
-6402
-1338
-5026
-8136
-273
-708
-2013
-5135
-1427
-2645
-7880
-4776
-7443
-1621
-8335
-1324
-5091
-5997
-650
-5899
-2129
-6319
-7737
-3599
-5605
-2790
-3669
-8907
-5971
-4152
-6148
-2609
-240
-1663
-182
-2303
-8724
-1051
-4435
-6674
-5759
-8900
-6450
-7004
-4070
-613
-6373
-4710
-7389
-8827
-7783
-7553
-7790
-8269
-7504
-5868
-2890
-5656
-4439
-4732
-6568
-8394
-1866
-4695
-4651
-6240
-7110
-2012
-7688
-4849
-5229
-5637
-7298
-5568
-655
-6028
-4101
-1065
-4111
-3709
-8044
-8740
-3264
-5589
-538
-7323
-4953
-7756
-1719
-6904
-5977
-199
-1785
-4950
-6349
-8093
-4722
-8418
-4054
-1532
-6904
-6097
-3784
-7586
-6983
-3865
-909
-6353
-7430
-3422
-1084
-6173
-383
-1553
-4727
-3075
-4801
-5658
-6221
-6370
-8165
-5200
-8193
-6871
-996
-8400
-3911
-6985
-5494
-4374
-4104
-194
-7142
-6832
-3923
-6758
-6960
-5294
-7789
-7112
-5726
-3628
-3373
-309
-3269
-5396
-1850
-1186
-3276
-8644
-5869
-2138
-5057
-6252
-3273
-3759
-6714
-3006
-4280
-6569
-5522
-3530
-709
-1020
-5788
-5956
-5592
-6296
-3511
-4379
-5086
-6915
-6765
-5665
-5488
-6198
-8851
-1501
-1660
-4792
-1091
-3870
-3641
-6502
-764
-3202
-2855
-7704
-5537
-6885
-3499
-717
-8667
-2124
-1933
-8615
-1067
-5564
-6223
-2236
-4554
-6159
-5107
-8063
-6623
-1322
-3640
-8261
-4155
-5948
23
-3587
-3469
-7198
-3719
-3569
-6229
-6660
-5267
-6467
-2277
-2251
-2795
-5489
-3243
-1945
-418
-7569
-3835
-2510
-6319
-2995
-7302
-3110
-4738
-7488
-2834
-5069
-4066
-1192
-3856
-4873
-6494
-4240
-1823
-4168
-2929
-7947
-1459
-768
-6697
-4042
-471
-8648
-878
-5385
-6579
-658
-4786
-5653
-3442
-3795
-3872
-7777
-373
-1699
-831
-7180
-2833
-5280
-1431
-3239
-8448
-5358
-5057
-7305
-3674
-1641
-8120
-5539
-8756
-3151
-3921
-2526
-5862
-8353
-3009
-7093
-5810
-3591
-4761
-3902
-6088
-2858
-5529
-8676
-6983
-3523
-2002
-7239
-5085
-5316
-8114
-5312
-5612
-551
-331
-2385
-2731
-4710
-5508
-5061
6
-8439
-4854
-5602
-580
-7692
-1506
-391
-8026
-6360
-464
-6300
-7639
-8125
-8475
-8059
-2032
-7418
-3553
-7978
-6784
-7516
-3324
-5857
-5831
-2437
-6012
-6482
-3967
-7015
-4611
-6752
-5358
-5026
-8944
-5998
-3833
-5014
-4298
-6300
-8243
-8770
-2409
-2404
-1947
-5404
-5269
-8883
-7560
-7348
-4232
-5709
-1739
-656
-5588
-8011
-6778
-4227
-7836
-5410
-8976
-4649
-3372
-3002
-4606
-140
-4432
-135
-7741
-3230
-2154
-1751
-8894
-2277
-2216
-7058
-1819
-1075
-8299
-667
-765
-2207
-5484
-1802
-7564
-3148
-3733
-4328
-3112
-3321
-3303
-1215
-1322
-7328
-2808
-694
-5142
-7310
-8079
-7612
-6627
-5594
-5669
-1872
-7296
-8348
-7481
-6030
-7623
-8187
-7211
-7656
-4613
-5512
-1029
-3431
-4353
-5198
-4307
-1850
-386
-1308
-2416
-3110
-7232
-5620
-7007
-8665
-1559
-8009
-1734
-833
-6079
-7386
-8281
-3514
-3334
-3853
-1320
-4796
-1696
-7366
-5889
-3046
-4186
-5047
-7521
-1227
-8539
-3681
-7867
-8834
-1143
-4710
-7450
-3769
-3508
-5084
-8482
-717
-2194
-1180
-609
-6783
-2716
-6333
-6499
-6849
-5681
-2625
-3062
-6935
-1347
-4027
-2231
-5186
-3149
-8805
-8809
55
-8099
-2765
-6874
-4831
-6279
-533
-5262
-1667
-6137
-8886
-4929
-23
-6044
-8079
-7341
-1030
-6530
-1252
-5489
-1466
-7462
-6672
-7550
-5075
-2382
-6042
-4157
-1610
-3527
-413
-7458
-8028
-165
-756
-4554
-5481
-4622
-202
-4270
-1705
-1912
-2415
-4067
-3784
-5620
-5369
-7043
-6775
-3903
-5947
-7903
-5349
-156
-6178
-5378
-8073
-8392
-2132
-1063
-6880
-4332
-6046
-2526
-1370
-828
-7467
-2987
-2561
-8427
-3321
-6534
-5523
-3534
-4911
-7626
-7679
-850
-3197
-8497
-1385
-173
-2537
-1345
-4301
-6367
-4579
-3122
-8244
-1468
-7179
-62
-4744
-6406
-7286
-8305
-6229
-6040
-2400
-5957
-2342
-1865
-1145
-6388
-1701
-2198
-5299
-7870
-5123
-8141
-5470
-6434
-5640
-4246
-2781
-3672
-6935
-383
-4659
-6579
-1598
-36
-7858
-168
-5978
-7583
-4550
-4180
-1662
-7005
-4493
-2200
-3985
-5075
-290
-5084
-6215
-2475
-6127
-3613
-6131
-1166
-5641
-6721
-2182
-52
-4871
-8633
-7804
-7106
-7805
-4761
-3849
-8713
-7944
6
-972
-4053
-1079
-160
-6665
-4082
-258
-8597
-7864
-1047
-8087
-6575
-3856
-6921
-3332
-5800
-7284
-4215
-5569
-6755
-4531
-6488
-5981
-7460
-8261
-8704
-3583
-2658
-5111
-5027
-6707
-1221
-7886
-1530
-4305
-3372
13
-5418
-1000
-8856
-7245
-1790
-7506
-134
-1232
-4280
-6475
-6853
-5750
-2320
-5719
-1793
-4080
-2829
-2255
-5629
-6025
-7303
-2502
-2378
-8251
-4954
-289
-3019
-7739
-4085
-774
-678
-313
-6718
-2355
-4405
-827
-5129
-7303
-4920
-4421
-3622
-5969
-5737
-8970
-2577
-5904
-3071
-4975
-4685
-6940
-6105
-4245
-2015
-6725
-5995
-5182
-1597
-561
-7631
-3735
-7193
-1455
-7457
-728
-5888
-5885
-5328
-8748
-294
-940
-7290
-3708
-5050
-3742
-7971
-8217
-6963
-6650
-6403
-410
-1321
-5074
-7227
-333
-8431
-1008
-3638
-7522
-4167
-5089
-4358
-2398
-6795
-8968
-5544
-3594
-6514
-7287
-8025
-2214
-4163
-2818
-8838
-1385
-7395
-8390
-543
-3669
-6747
-7087
-5463
-6760
-7167
-2268
-2089
-2712
-6363
-7064
-7000
-6874
-8065
-2101
-5062
-1039
-662
-5050
-3926
-5161
-5324
-8184
-5018
-6638
-8263
-2241
-5542
37
-519
-8622
-699
-7889
-4837
-7802
-2210
-4369
-1249
-8695
-6348
-8483
-6748
-4123
-8879
-5485
-8786
-5236
-8663
-7981
-1676
-8397
-8704
-7483
-1249
-7068
-961
-1976
-4587
-2504
-3774
-3535
-5779
-5403
-1573
-8207
-5970
-294
-5521
-241
-2404
-8431
-5961
-7640
-4231
-2789
-3406
-5817
-552
-7626
-2509
-5576
-8541
-7759
-2242
-8609
-4485
-38
-4946
-796
-3713
-5506
-7022
-5241
-8386
-7734
-8431
-4339
-703
-1223
-5378
-3704
-1014
-1906
-4606
-8141
-1617
-7429
-4167
-748
-6972
-6958
-7678
-1840
-3669
-5135
-2369
-1219
-3721
-292
-2698
-6451
-2039
-6910
-4094
-5386
-1333
-6836
-3797
-7012
-7241
-7733
-5633
-3329
-7786
-3916
-2079
-3146
-7019
-5000
-5853
-4967
-2966
-4743
-5123
-8106
-8288
-7461
-4543
-6762
-5866
-8835
-3869
-7490
-3380
-8675
-8841
-5861
-8370
-601
-6776
-6571
-5902
-3037
-1044
-2549
-6339
-306
-2617
-2414
-7417
-1296
-1011
-611
-5378
-5684
-469
-1420
-157
-2150
-2082
-8546
-6125
-4048
-327
-5589
-2956
-2309
-2936
-3187
-8778
-7496
-449
-4372
-6759
-5938
-8558
-6380
-6199
-1715
-4467
-7855
-6270
-8411
-8599
-2062
-6072
-2289
-5888
-7453
-8386
-7994
-5647
-527
-1165
-5119
-7867
-1526
-8986
-5845
-6374
-4529
-3528
-8718
-7958
-5095
-1486
-8769
-5371
-8884
-977
-3110
-7581
-5211
-1914
-2908
-7076
-3683
-8176
-689
-5965
-4308
-2603
-8991
-52
-7532
-6612
-6503
-795
-5727
-2975
-1788
-5606
-3988
-1380
-2563
-8098
-6312
-8041
-4578
-4146
-5706
-2497
-7496
-5179
-300
-7800
-3892
55
-56
-7961
-407
-893
-3440
-8632
-3762
-2106
-7194
-5415
-1633
-6635
-2646
-4501
-4016
-954
-7054
-4236
-4426
-4340
-3331
-907
-5250
-2128
-3135
-8774
-7794
-6834
-3628
-2964
-6109
-1102
-6834
-7375
-5525
-8585
-764
-7455
-8395
-2765
-323
-2961
-4514
-252
-5877
-2949
-4157
-3134
-566
-1555
-1494
-5331
-8060
-3811
-3893
-5586
-4199
-8857
-7069
-1482
-8165
-8737
-6387
-3439
-3643
-1509
-4457
-8195
-1842
-753
29
-3383
-6070
-4728
-5164
-6254
-1673
-4182
-8456
-491
-130
-6598
-7112
-8147
-6436
-4705
-4758
-5370
-5818
-6532
-3146
-6207
-2511
-2978
-6484
-8875
-981
-194
-8298
-5658
-4387
-8052
-5067
-8013
-6815
-2385
-4370
-5649
-3316
-7577
-6491
-6410
-6921
-7643
-2943
-1764
-6581
-1064
-2383
-8311
-1649
-4316
-518
-3553
-924
-5837
-6765
-431
-5347
-2927
-5522
-7871
-4590
-6145
-5670
-6031
-8861
-3709
-8223
-2005
-2334
-3171
-2459
-732
-7687
-760
-286
-4049
-8768
-6842
-6665
-2342
-8530
-6926
-2656
-7686
-8446
-5165
-1355
-2185
-6700
-239
-6545
-5314
-1962
-6426
-1234
-7635
-5448
-2664
-5036
-7549
-2640
-5173
-5490
-6463
-3292
-5817
-3829
-3168
-6163
-7166
-2398
-437
-8641
-1052
-6420
-5184
-2784
-5288
-8802
-6776
-7752
-5092
-8963
-5442
-8399
-2632
-4466
-4868
-460
-4482
-3694
-6920
-4512
-6662
-7304
-528
-1772
-6534
-6810
-6378
-6422
-2274
-3016
-149
-2496
-4880
-7647
-345
-1206
-1937
-6537
-4707
-5846
-1254
-3020
-2771
-7089
-8455
-7187
-8486
-1473
-5425
-5108
-365
-4601
-438
-337
-8599
-5790
-1
-2808
-7990
-5879
-5407
-2437
-2473
-4732
-3919
-6736
-7490
-4816
-3846
-5474
-347
-6859
-509
-277
-473
-6139
-7391
-5409
-2031
-1633
-6068
-102
-3742
-2875
-2104
-8396
-4685
-8425
-1528
-4610
-5390
-6295
-976
-4352
-7630
-6495
-531
-6537
-816
-2022
-2089
-4705
-2878
-4350
-2200
-5687
-8267
-967
-1523
-7029
-4512
-6096
-1495
-76
-5321
-8211
-8868
-271
-5957
-8556
-7027
-273
-5987
-2324
-6629
-2740
-2531
-511
-4863
-5398
-4263
-569
-7698
-4034
-2584
-3886
-5761
-8531
-4069
-7063
-3830
-8120
-6983
-4224
-164
-6343
-2028
-781
-2387
-8891
-5103
-6646
-3444
-535
-7724
-1005
-5600
-8305
-8185
-4799
-6926
-648
-3757
-6679
-1508
-6090
-2252
-4299
-5881
-8237
-2376
-8365
-6156
-5468
-3937
-8557
-5040
-3180
-4292
-7271
-7980
-7949
-7318
-8214
-159
-3942
-8142
-157
-5293
-7393
-5109
-8301
-3152
-4599
-2202
-8297
-4540
-6520
-3896
-7370
-815
-6686
-5368
-4040
-7760
-5635
-1631
-450
-1802
-7976
-6120
-1958
-4017
-6730
-4480
-4352
-1061
-3172
-5744
-6508
-2410
-5184
-3702
-5018
-6081
-3470
-2094
-5751
-8988
-8014
-5278
-6038
-2195
-8210
-7871
-1423
-6261
-6837
-706
-3306
-1301
-850
-5964
-4268
-7686
-4062
-5820
-7965
-8767
-7257
-4213
-1557
-3179
-4097
-5271
-337
-5379
-6161
-2052
-4796
-4036
-7647
-7602
-7358
-3623
-3579
-2197
-6323
-7433
-6635
-1024
-3754
-6157
-2728
-7452
-2813
-5240
-5070
-3776
-4249
-6497
-4720
-2613
-6365
-3121
-7266
-8238
-6071
-5456
-3792
-5132
-4083
-4404
-6060
-3605
-6067
-3011
-6247
-1851
-2799
-7716
-1196
-1674
-6764
-966
-742
-2641
-2063
-3626
-5170
-1184
-2322
-2640
-6765
-1708
-12
-7284
-415
-1931
-3590
-7337
-3215
-1452
-3473
-5050
-3867
-4112
-5437
-5321
-8414
-1814
-8889
-537
-7633
-5190
-4243
-8771
-1233
-4780
-4966
-2563
-7438
-5689
-5194
-6421
-6816
-3231
-1884
-6535
-8337
-5561
-3029
-5190
-8150
-5795
-4784
-6979
-3137
-1050
-1259
-7286
-8948
-3614
-2756
-6969
-1943
-4266
-6433
-7402
-7407
-8595
-8729
-2235
-8717
-8147
-75
-5561
-4968
-2921
-5396
-1268
-2171
-6907
-1463
-4448
-8755
-3254
-6200
-2602
-4542
-5804
-4189
-2261
-4953
-681
-761
-1139
-8250
-5470
-8407
-2709
-8911
-710
-4822
-3291
-4453
-7702
-833
-2522
-1660
-8653
-3808
-2767
-2553
-666
-1765
-207
-6699
-2220
-5751
-7757
-412
-1800
-2758
-5290
-7895
-2795
-7940
-6420
-2612
-4165
-4086
-4112
-3427
-115
-6897
-8213
-7560
-4830
-1320
-1966
-4000
-6298
-3504
-6772
-7866
-4466
-697
-3674
-4740
-8574
-8263
-8092
-4016
-3090
-5202
-5072
-5877
-470
-7576
-1343
-4998
-7478
-6354
-1636
-151
-3057
-6111
-3932
-1008
-6929
-8144
-8653
-6900
-7767
-3019
-5267
-3929
-4503
-6410
-8767
-2501
-1976
-4506
-7838
-7744
-8304
-1851
-5043
-6210
-4045
-3028
-8101
-4063
-4380
-8822
-3523
-3780
-7487
-1163
-813
-2617
-5972
-5785
-993
-6362
-5074
-733
-5348
-8677
-843
-2818
-438
-4165
-5619
-4580
-4001
-8174
-4871
-4107
-8737
-4010
-1117
-7927
-571
-8667
-8141
-4575
-4202
-5448
-8843
-3130
-2731
-2369
-6438
-541
-6273
-7786
-7211
-2564
-5516
-4514
-3946
-1238
-2087
-3832
-5308
-2421
-8696
-8182
-6626
-4099
-3766
-4538
-8170
-3726
-8829
-8893
-6181
-6403
-1676
-2219
-3526
-1340
-2858
-6975
-4339
-5874
-5199
-8601
-3278
-6584
-2625
-5216
-4010
-5505
-3070
-161
-1089
-867
-1733
-4407
-5033
-382
-3653
-6447
-822
-3746
-5572
-8076
-1902
-5714
-3843
-4777
-2178
-8669
-1780
-893
-6820
-6173
-2282
-1734
-8411
-5864
-950
-5785
-885
-8503
-4011
-1216
-8616
-2605
-6587
-4631
-583
-6373
-6002
-3891
-8652
-3773
-1573
-8899
-6990
-5927
-7523
-4661
-392
-8549
-6137
-6908
-23
54
-7709
-4161
-6683
-3748
-7337
-3305
-5557
-1223
-5625
-3610
-1312
-6687
-7474
32
-3420
-7779
-8512
-2535
-2995
-4284
-1121
-7064
-3809
-7200
-1314
-1449
-3787
-4488
-2799
-1845
-7666
-4040
-3212
-6761
-6836
-5537
-6758
-3266
-5899
-3419
-3879
-6406
-6561
-6428
-2983
-1737
53
-5172
-5497
-7021
-8405
-4230
-4750
-6680
-4603
-107
-4567
-2751
-1561
-8897
-6288
-6440
-7389
-4114
-3385
-757
-4673
-7312
-4881
-8397
-4396
-2296
-7371
-4169
-3929
-6157
-3335
-5956
-8562
-7656
-4648
-8431
-5835
-2411
-3029
-3510
-1354
-8202
-8175
-2621
-8952
-6852
-2297
-1057
-3981
-2059
-6903
-7747
-6020
-8478
-146
-4020
-649
-4763
-1828
-866
-3236
-4463
-4572
-5883
-7167
-6429
-1210
-298
-4387
-944
-4376
-3093
-8977
-3627
-8711
-4514
-6657
-6980
-689
-907
-4932
-3457
-5584
-7845
-1653
-6918
-517
-1244
-6762
-4666
-255
-3659
-2730
-8841
-4565
-8025
-71
-1226
-5169
-7898
-3693
-7379
-1657
-8204
-7477
-565
-1475
-2544
-3521
-8692
-4102
-319
-4419
-6412
-399
-2479
-7017
-7309
-5362
-3572
-6883
-7237
-5321
-1932
-253
-5033
-3763
-3592
-613
-6644
-5008
-4594
-2987
-7512
-4220
-4211
-8848
-5725
-3460
-7179
-4508
-5659
-3098
-3395
-3540
-7134
-108
-5959
-3019
-5115
-8932
-7528
-2505
-8120
-7253
-7751
-5782
-5809
-4444
-2627
-6710
-507
-6056
-1079
-5937
-5106
-3754
-3013
-2717
-7164
-1833
-2791
-899
-6043
-8197
-4525
-6092
57
-1028
-8604
-2190
-3338
-1723
-3399
-4151
-4545
-7542
-7083
-5182
-7771
-5876
-6831
-2966
-6163
-6788
-8387
-3273
-1660
-8424
-3943
-1638
-852
-6824
-2018
-3801
-1837
-5307
-178
-6780
-2337
-7264
-6662
-7592
-2716
-6095
-306
-6922
-3016
-7774
-7837
-5512
-8733
-3574
-2601
-2504
-3238
-2294
-5871
-1332
-2736
-8741
-2204
-6965
-7306
-4422
-8781
-3688
-895
-5877
-4294
-900
-4848
-1418
-2310
-7240
-3832
-7891
-4609
-1668
-6036
-4783
-2995
-147
-8462
-6797
-7709
-1658
-3597
-5881
-6735
-464
-6047
-2633
-2775
-6738
-5430
-5785
-904
-4532
-7437
-5063
-4341
-7422
-8651
-2428
-6502
-1280
-3638
-4586
-5262
-4279
-1677
-4562
-526
-4400
-8682
-4297
-922
-7157
-6787
-7985
-821
-6199
-7784
-8722
-2289
-761
-7113
-8262
-7443
-8537
-3930
-4075
-6628
-6187
-3970
-776
-1245
-5470
-1040
-6658
-3098
-2689
-6780
-8352
-1791
-5254
-6740
-677
-3548
-4723
-8352
-4722
-2761
-4799
-7459
-49
-7152
-3450
-3483
-232
-696
-744
-8933
-1109
-5636
-2079
-730
-3797
-2397
-7977
-5216
-8295
-3145
-811
-5630
-6319
-5762
-7409
-6159
-7216
-4842
-3754
-5419
-3470
-348
-5828
-7905
-6595
-8473
-6105
-536
-8525
-4195
-5512
-8078
-8731
-2147
-4791
-3491
-792
-6672
-6994
-5703
-4150
-2081
-1782
-5696
-2002
-8273
-517
-3976
-7108
-2468
-1701
-7868
-2640
-6168
-5911
-4847
-4441
-1549
-2105
-262
-7805
-4205
-4969
-7077
-252
-6719
-5118
-3746
-4867
-7649
-8005
-7893
-3988
-8470
-4490
-17
-1144
-4139
-4484
-3404
-5610
-7340
-2937
22
-8434
-8074
-526
-8504
-2157
-6099
-7015
-8344
-2123
-4087
-5909
-5898
-1706
-6915
-2886
-2268
-672
7
-701
-6595
-4757
-4405
-2204
-1334
-6104
-5270
-2567
-3279
-4227
-3901
-7579
-5967
-2072
-5434
-8453
-5230
-5302
-8422
-5710
-1389
-6794
-2703
-7773
-881
-3345
-7768
-4093
-4888
-2241
-4529
-3661
-3418
-2507
-5463
-3431
-7961
-6799
-6541
-586
-4394
-3559
-3129
-2438
-2852
-6695
-2175
-6241
-2822
-1781
-2482
-7365
-6367
-4460
-6953
-3269
-6333
-8427
-5965
-3540
-6484
-2105
-2704
-5767
-5397
-7655
-4226
-1998
-5148
-4410
-3168
-6065
-3911
-457
-3431
-2837
-3368
-2346
-6787
-4169
-1973
-5036
-8772
-890
-5162
-5779
-8066
-1458
-5744
-6026
-2382
-4309
-2147
-1950
-4232
-4560
-1294
-3898
-5162
-20
-5544
-2321
-6100
-307
-7895
-8990
-1200
-7314
-2347
-1927
-6503
-6526
-8802
-8741
-1086
-7188
-6312
-3385
-1831
-8887
-574
-7280
-6302
-3867
-8043
-4299
-5267
-2019
-3419
-2584
-914
-6529
-8735
-6119
-8505
-3934
-7613
-1119
-3965
-8046
-1786
-8007
-5655
-4662
-5569
-3563
-6932
-8775
-6034
-4649
-4612
-2406
-8140
-86
-7492
-2380
-4309
-6181
-5783
-5304
-2332
-4356
-6438
-6077
-3353
-8949
-1162
-6500
-8822
-7857
-7437
-6237
-5265
-8603
-6185
-3426
-1561
-7813
-7116
-8992
-5607
-3134
-4567
-7245
-4517
-5571
-7604
-1350
-1957
-8941
-8946
-8633
-4451
-1259
-6746
-8256
-3320
-6157
-7959
-5480
-8063
-2098
-4563
-209
-5412
-5105
-6900
-3786
-8020
-8870
-5499
-3452
-7889
-5031
-5583
-6396
-5345
-4869
59
-3612
-7996
-2845
-5729
-8555
-3499
-1817
-2208
-5870
-8128
-4354
-2980
-5634
-3831
-8089
-3649
-4263
-5499
-6692
-3476
-7675
-1153
-161
-8024
-7224
-6896
-2725
-6307
-575
-5878
-8868
-2229
-7750
-7314
-6179
-728
-3326
-4217
-8067
-2971
-3484
-7682
-1184
-4591
-3627
-1417
-3129
-8131
-6851
-3426
-5880
-3842
-7560
-6538
-2759
-1858
-466
-7287
-1228
-884
-517
-8909
-3106
-2247
-8096
-1767
-6664
-990
-3331
-20
-3648
-7357
-47
-6749
-7664
-840
-2671
-8069
-4702
-2671
-8186
-4264
-1607
-7211
-8041
-7768
-8913
-5540
-7867
-4135
-807
-8252
-4019
-2429
-6355
-4502
-5903
-3114
-1177
0
-3908
-4399
-1953
-5343
-2792
-6093
-2138
-1093
-5573
-1585
-99
-6778
-8449
-20
-5442
-4818
-4252
-4294
-2276
-2080
-6671
-3896
-7406
-5864
-6364
-7045
-5081
-312
-5124
-7316
34
-8342
-4833
-6983
-2198
-2264
-2167
-8064
-3504
-5996
-5677
-3546
-5623
-957
-1463
-4515
-6083
-2889
-4829
-8691
-4575
-6604
-7478
34
-1987
-8501
-321
-6962
-123
-6782
-7569
-6335
-4313
-8394
-634
-2831
-1952
-4171
-2487
-6163
-5681
-6112
-6350
-8198
-7387
-1302
-3979
-8079
-4859
-5257
-1989
-4086
-3868
-3549
-4845
-5445
-5329
-8321
-5440
-4352
-6061
-7594
-1738
-8358
-5166
-6582
-6293
-1492
-4835
-1813
-342
-4539
-6158
-2148
-4969
-1935
-5870
-7867
-3426
-3992
-7412
-7038
-1452
-6222
-8167
-3884
-6456
-881
-8388
-3411
-2513
-6820
-6540
-8747
-4647
-1561
-6104
-3466
-5727
-6778
-1654
-8256
-610
-6811
-1151
-740
-7570
-2397
-6235
-7517
-1102
-2505
-1354
-7910
-5054
-3501
-7828
-6753
-5319
-4648
-5688
-5481
-4695
-7166
-7268
-935
-1877
-2882
-2481
-3427
-4050
-4221
-3909
-1031
-6023
-6390
-7202
-549
-5138
-6840
-4307
-1734
-6594
-5649
-208
-8634
-8644
-2292
-8316
-2954
-4833
-6047
-6494
-7093
-5875
-3623
-7466
-8340
-1943
-5771
-7868
-8450
-5967
-2905
-8923
-5799
-419
-3109
-6810
-6163
-4266
-1937
-1962
-8101
-160
-5243
-8530
-4731
-5559
-5336
-5758
-5598
-2039
-1544
-6262
-8847
-3755
-8915
-6079
-2853
-47
-8736
-5269
-8331
-8091
-4810
-3311
-155
-1736
-6081
-6275
-8608
-2084
-2753
-5015
-4454
-3114
-1640
-8006
-499
-4744
-6154
-7919
41
-3007
-7311
-4015
-1259
-7427
-8425
-6733
-8716
-7370
-1440
-123
-3009
-4517
-7539
-4813
-5602
-5541
-927
-8518
-3472
-160
-8188
-5101
-4221
-1862
-2364
-2011
-7533
-2203
-7177
-4905
-6159
-5337
-3491
-8677
-1003
-6092
-3397
-7193
-4836
-3662
-2313
-4915
-7414
-5695
-225
-4451
-3271
-6625
-3401
-6124
-6917
-7351
-7925
-6857
-3420
-3629
-3981
-1712
-4376
-488
-1616
-1189
-7424
-6596
-363
29
-5606
-5926
-8198
-4322
-7819
-7613
-4182
-5784
-4791
-6278
-5977
-6250
-7034
-6697
-4399
-6416
-4791
-6296
-6138
-4215
-7846
-6548
-6753
-2354
-2683
-8698
-6238
-3822
-232
-3575
-4942
-3762
-2511
-2273
-7748
-2401
-109
-1642
-7045
-3606
-4546
-8215
-5923
-52
-1559
-6694
-3352
-802
-777
-4303
-1261
-8328
-5884
-5870
-1351
-1386
-4025
-4870
-6992
-85
-5480
-3462
-4232
-7656
-1845
-7452
-1458
-4064
-5327
-7108
56
-8416
-2522
-5352
-1266
-6823
-7729
-5407
-6859
-7964
-5858
-8276
-6219
-2886
-8974
-285
-5849
-8889
-5472
-7726
-5688
-4911
-8536
-3608
-6305
-95
-1539
-8306
-1121
-5462
-3868
-6987
-6275
-1790
-3968
-7147
-7701
-6168
-8164
-854
-3613
-2116
-7026
-4483
-6599
-4816
-6931
-5832
-180
-5118
-3068
-1445
-2613
-7880
-6653
-2697
-3439
-2384
-611
-7285
-7947
-2466
-2658
-5077
-2233
-7228
-4788
-1054
-2412
-1862
-3579
-7034
-8964
-762
-4151
-2497
-5955
-7800
-1452
-7118
-2107
-8037
-4375
-7416
-8327
-4620
-4749
-6335
-2032
-3152
-529
-7805
-651
-4692
-278
-8618
-7426
-1653
-2597
-2675
-6369
-2986
-5204
-926
-5709
-4120
-5887
-3791
-734
-401
-2644
-1250
-7269
-199
-3388
-4793
-1209
-3764
-7088
-4702
-1001
-6511
-7323
-336
-3839
-6833
-5079
-5955
-4691
-7384
-3790
-5609
-5509
-3077
-4753
-563
-1938
-1333
-4470
-3852
-8825
-2307
-4571
-4052
-4566
-496
-5620
-8572
-2679
-8825
-527
-3964
-8543
-8973
-184
-5609
-3612
-8266
-4533
-1411
-6376
-166
-8152
-4418
-7954
-6562
-5826
-3713
-7321
-500
-6506
-6820
-551
-6485
-646
-6239
-3973
-8426
-3021
-7528
-6819
-3548
-3297
-6031
-5145
-4410
-3325
-8
-4035
-4612
-1469
-5489
-6178
-1140
-6748
-2320
-4915
-5797
-3671
-3895
-4561
-754
-816
-5263
-1185
-4262
-6592
-6072
-1034
-5456
-4638
-4678
-604
-1436
-206
-8565
-7754
-2802
-8532
-6930
43
-6607
-6384
-1472
-1486
-8577
-6378
-22
-7682
-4031
-6792
-2913
-6497
-3431
-5861
-3884
-968
-5549
-4713
-411
-7522
-8028
-373
-525
-4988
-3178
-485
-1499
-7717
-317
-3096
-8905
-6306
-8694
-7523
-8114
-3811
-6196
-3755
-6886
-5789
-7087
-4915
-6013
-1106
-6485
-4941
-1393
-4635
-6077
-3099
-8306
-6134
-2016
-6288
-7707
-3162
-6453
-8492
-6762
-7025
-4388
-2570
-6180
-5083
-2307
-6380
-3676
-3282
-3627
-1519
-2581
-8104
-4499
-6604
-6498
-6501
-3122
-7514
-8635
-4225
-8995
-5712
-6944
-4856
-6157
-8127
-3580
-3233
-3818
-7702
-7892
-2299
-7896
-4734
-2076
-1844
-4416
-8643
-3993
-2036
-163
-8982
-6088
-378
-4385
-6489
-1113
-8242
-2652
-7369
-6761
-4162
-5377
-6059
-2031
-4199
-7256
-3891
-5557
-616
-4308
-6012
-7147
-6392
-2449
-8447
-2985
-5466
-1801
-6808
-6006
-8014
-7732
-8614
-8803
-7924
-4162
-2025
-6058
-1167
-579
-2857
-221
-5239
-8364
-3944
-1972
-6254
-1273
-4459
-4091
-5220
-4889
-2971
-8856
-6554
-2089
-5964
-249
-3070
-1193
-4512
-6621
-7032
-6327
-7678
-3087
-5010
-1710
-440
-7469
-6768
-3668
-7316
-16
-4615
-5743
-1996
-496
-4267
-2385
-5784
-4618
-8673
-4357
-950
-5406
-4155
-4198
-3160
-4294
-5332
-728
-8216
-3338
-4612
-3219
-8196
-8076
-628
-957
-617
-3981
-4927
-658
-1036
14
-2773
-5998
-1447
-3090
-5607
-7481
-7636
-3733
-5928
-4080
-926
-8639
-8478
-40
-4885
-5655
-4650
-8068
-22
-6160
-8598
-7883
-6321
-6260
-4982
-5557
-4260
-4630
-815
-2719
-7844
-4739
-5625
-1323
-6354
-564
-6685
-4484
-7395
-7432
-2949
-5153
-6700
-4547
-5937
-3939
-320
-6256
-5804
-2048
-2465
-2717
-3971
-4811
-660
-4801
-3044
-5725
-8203
-8611
-4662
-888
-5982
-5199
-4282
-2500
-5473
-4553
-7608
-5118
-4894
-8027
37
-4289
-1187
-5532
-5502
-5981
-1330
-6252
-6467
-1689
-6024
-3570
-3851
-4409
-4807
-2759
-3341
-458
-3043
-1810
-5316
-1681
-4691
-6532
-6455
-6127
-7764
-6424
-1001
-7297
-2417
-7853
-2626
-6989
-4261
-3731
-4449
-3299
-632
-6760
-4157
-8353
-6115
-8079
-4080
-6004
-2784
-4378
-8659
-3865
-5163
-7690
-3636
-539
-5241
-7914
-8530
-210
-3413
-2356
-4783
-6921
-8916
-7476
-3902
-3204
-267
-5151
-5855
-811
-5934
-2908
-3189
-161
-5814
-7133
-6298
-699
-2661
-4435
-31
-6813
-5221
-2266
-6281
-6276
-7873
-3901
-3262
-1767
-1441
-5877
-5684
-4200
-923
-8424
-3553
-2837
-3555
-8075
-8792
-57
-953
-5432
-6356
-4480
-5440
-8345
-4668
-3399
-2424
-5624
-3641
-635
-2906
-3976
-6850
-6202
-2745
-5398
-1372
-3209
-8105
-6771
-8775
-7133
-3463
-4127
-3291
-246
-8957
-4421
-6966
-1301
-409
-8653
-7234
-7313
-2548
-8749
-520
-1917
-1145
-5391
-209
-2200
-8426
-7516
-6107
-2368
-6175
-569
-892
-7837
-3198
-3111
-8172
-3582
-5665
-4365
-4679
-4158
-1592
-7678
-8202
-4902
-7571
-5744
-8308
-7666
-4467
-5346
-5831
-6504
-7298
-3512
-3074
-5139
-3409
-8919
-8508
-8087
-4163
-4352
-3172
-6884
-3465
-1254
-3050
-5952
-1217
-8713
-5645
-5641
-7014
-3372
-8004
-6471
-4452
-4123
-735
-5007
-3228
-5531
-6975
-319
-8846
-7052
-7294
-3545
-8552
-1330
-5449
-2632
-4027
-7580
-2455
-5948
-1296
-7526
-5337
-927
-6489
-327
-7439
-7399
-8293
-5549
-8302
-8662
-4807
-1739
-1333
-6225
-7590
-1280
-5188
-4969
-8739
-3810
-2188
-7990
-3435
-5046
-4551
-3723
-4365
-4153
-8845
-4144
-2330
-7246
-4837
-8792
-4060
-8634
-7680
-2798
-1752
-2404
-4290
-2432
-8835
-6567
-5170
-6134
-7535
-4024
-6767
-8020
-1953
-1410
-2736
-7914
-3230
-3347
-4594
-1991
-2752
-7059
-3737
-1050
-382
-5189
-2740
-2516
-8254
-6178
-3832
-316
-4657
-2957
-1806
-7379
-8011
-5949
-8522
-1381
-6298
-4929
-8422
-8303
-1927
-4966
-7007
-171
-7069
-2441
-3828
-1441
-3434
-7283
-8095
-5026
-1152
-511
-1077
-4682
-3078
-3454
-5740
-8894
-2221
-7133
-2686
-4218
-486
-3574
-561
-7201
-4350
-3450
-5709
-4740
-1588
-4538
-8075
-7158
-892
-4287
-4198
-6169
-5413
-4467
-895
-5411
-8946
-7608
-728
-7310
-4281
-2861
-132
-8646
-4079
-2912
-6872
-941
-4979
-5464
-8657
-3048
-8463
-3847
-6198
-569
-5377
-5797
-222
-8538
-5490
-5228
-2279
-7832
-5302
-6167
-4899
-8022
-7185
-2489
-5522
-4620
-7103
-4281
-5603
-7337
-8042
-8899
-1988
-5635
-8531
-6807
-7023
-6452
-2414
-8244
-3028
-8180
-2064
-4951
-6871
-3929
-4755
-7780
-6658
-2396
-2165
-3523
-7836
-4493
-2342
-7801
-6970
-5576
-8492
-242
-8571
-5501
-97
-1097
-203
-6989
-7585
-7232
-8073
-1276
-5572
-8924
-5568
-5923
-3101
-4752
-396
-2475
-8368
-3259
-6646
-4044
-6577
-8871
-4974
-2937
-866
-5698
-8590
-6696
-1637
-250
-5723
-2768
-3190
-7732
-6950
-1484
-5252
-5963
-2467
-396
-3144
-8568
-6645
-5011
-6380
-7550
-6019
-2616
-5127
-8020
-7044
-7565
-8604
-8323
-3963
-4981
-7184
-4741
-7168
-8811
-7255
-866
-4764
-7556
-8214
-3997
-3432
-3814
-7100
-1819
-7893
-8090
-8974
-2128
-2780
-2844
-6660
-7599
-8341
-3255
-4774
-8354
-331
-2255
-7714
-127
-8823
-8496
-7572
-2287
-2436
-3785
-8792
-7310
-4182
-3670
-5407
-6141
-356
-7171
-8607
-3646
-3531
-5398
-6221
-5381
-1140
-396
-8848
-854
-5090
-3760
-8703
-6527
-2166
-8905
-7935
-2356
-5293
-8346
-4410
-505
-3407
-7283
-6797
-7645
-7896
-6043
-7320
-5930
-2322
5
-753
-5235
-3283
-4480
-6681
-6887
-1411
-6426
-5652
-5834
-2899
-7443
-901
-8254
-4720
-5207
-3211
-4757
-6146
-6809
-2157
-6373
-8136
-6515
-6375
-2063
-5021
-4255
-5621
-7633
-8557
-7068
-4153
-5564
-6250
-8904
-526
-1383
-6972
-4714
-8992
-4408
-552
-1324
-2314
-1715
-1744
-8665
-1109
-7838
-5874
-8738
-2511
-6604
-1618
48
-8133
-8477
-8227
-8580
-1752
-2209
-385
-4481
-5632
-4569
-7902
-2469
-6565
-5170
-4663
-6318
-470
-8702
-896
-5654
-465
-5719
-3219
-1373
-2585
-7491
-4400
-6172
-933
-8736
-8783
-4285
-3961
-6041
-8430
-3944
-5562
-3548
-7384
-5409
-7741
-1785
-7030
-5685
-3861
-3117
-8722
-2898
-8077
-6730
-4514
-8385
-1715
-2055
-2586
-5243
-7573
-4784
-1492
-4152
-6133
-3518
-7364
-7746
-4954
-691
-3343
-6397
-5275
-8752
-4982
-6364
-4318
-6770
-902
-1171
-3590
-915
-96
-858
-7891
-7700
-4882
-1407
-7552
-3137
-6042
-4666
-2444
-7336
-5823
-1233
-5939
-6739
-7333
-7724
-6538
-4906
-1694
-7378
-8694
-5086
-2958
-8168
-8405
-3603
-538
-4783
-8582
-7697
-5250
-5326
-2150
-3660
-7858
-4259
-6275
-375
-8826
-7838
-6682
-4239
-840
-6861
-3537
-6233
-6344
-5917
-1749
-1475
-8579
-7111
-4103
-1382
-3613
-6898
-8315
-7987
-8480
-7023
-7736
-4640
-3451
-8988
-6712
-3011
-6608
-5544
-6387
-6743
-7764
-7034
-1134
-193
-7442
-3765
-6304
-5809
-7109
-645
22
-5546
-5235
-4918
-4209
-3586
-7355
-3564
-5982
-8037
-4779
-4444
-5309
-3546
-8319
-4624
-7120
-3945
-6680
-7609
-4566
-3780
-1261
-206
-3236
-2972
-8766
-5798
-8428
-6398
-8337
-8441
-1271
-2574
-8985
-1954
-833
-6443
-3638
-7710
-205
-4000
-728
-1016
-8383
-7747
-2289
-1864
-8125
-777
-6514
-3464
-2424
-2911
-479
-7743
-4324
-8775
-327
-7047
-592
-8893
-8956
-8322
-6022
-8268
-2862
-8898
-4633
-8140
-5097
-3155
-5518
-4782
-8836
-6760
-1045
-2422
-7729
-3477
-4392
-6903
-7874
-6812
-7128
-6466
-37
-8299
-3772
-859
-1195
-2065
-5593
-7830
-5998
-8691
-4534
-3055
-7358
-7602
-8860
-1871
-8570
-8691
-6137
-7714
-3842
-4234
-865
-8218
-8873
-5378
-5574
-4658
-8889
-424
-7072
-4829
-3834
-851
-3407
-8751
-8687
-513
-5114
-1187
-1555
-5509
-6323
-5313
-7304
-4093
-6111
-4503
-8259
-5590
-3375
-5504
-3529
-4390
-8007
-5286
-598
-97
-4288
-6634
-7537
-2410
-6008
-6475
-596
-1226
-4030
-3731
-3207
-8303
-8736
-7764
-6995
-5998
-8705
-3723
-1284
-2752
-5709
-4947
-7646
-2405
-3107
-261
-6035
-3254
-3855
-7882
-8656
-7443
-1189
-2675
-1637
54
-6295
-7933
-6448
-3747
-7529
-6823
-5469
-6735
-7263
-5868
-2504
-8417
-1025
-6050
-7954
-6314
-5155
-399
-4840
-828
-4600
-8960
-7234
-8488
-2538
-2299
-431
-2753
-8443
-8039
-3502
-4377
-576
-114
-4963
-8417
-7072
-7987
-3263
-541
-2642
-4431
-2615
-2797
-2261
-7120
-6099
-1970
-8250
-558
-3013
-4755
-8205
-1500
-2845
-7989
-1516
-6829
-6950
-4658
-950
-4072
-3692
-7286
-331
-3812
-6371
-8378
-5974
-3733
-5822
-2609
-1753
-8133
-7435
-4338
-6659
-4830
-5004
-5922
-6970
