10000
-9000
-9000
-8998
-8995
-8995
-8995
-8993
-8992
-8992
-8991
-8990
-8989
-8988
-8988
-8986
-8985
-8985
-8985
-8982
-8982
-8980
-8977
-8976
-8975
-8975
-8975
-8974
-8974
-8974
-8974
-8973
-8973
-8971
-8970
-8968
-8964
-8963
-8963
-8960
-8960
-8959
-8957
-8957
-8956
-8955
-8952
-8952
-8949
-8949
-8948
-8946
-8946
-8946
-8946
-8945
-8945
-8944
-8941
-8939
-8936
-8936
-8935
-8933
-8932
-8932
-8932
-8931
-8931
-8929
-8929
-8928
-8927
-8926
-8924
-8923
-8923
-8921
-8919
-8919
-8919
-8919
-8918
-8916
-8915
-8915
-8913
-8911
-8911
-8910
-8910
-8909
-8908
-8908
-8907
-8905
-8905
-8904
-8903
-8900
-8900
-8899
-8899
-8899
-8899
-8898
-8897
-8897
-8895
-8894
-8894
-8893
-8893
-8891
-8889
-8889
-8889
-8889
-8887
-8887
-8886
-8884
-8883
-8880
-8880
-8880
-8879
-8879
-8875
-8874
-8873
-8871
-8871
-8871
-8870
-8868
-8868
-8868
-8868
-8864
-8863
-8863
-8862
-8861
-8861
-8860
-8860
-8859
-8859
-8858
-8857
-8857
-8856
-8856
-8856
-8856
-8854
-8853
-8851
-8850
-8849
-8848
-8848
-8848
-8848
-8848
-8847
-8846
-8846
-8845
-8844
-8843
-8843
-8842
-8841
-8841
-8841
-8841
-8839
-8838
-8836
-8836
-8835
-8835
-8834
-8833
-8833
-8832
-8832
-8831
-8829
-8829
-8829
-8828
-8828
-8827
-8827
-8826
-8826
-8825
-8825
-8825
-8824
-8823
-8823
-8822
-8822
-8822
-8821
-8819
-8819
-8819
-8819
-8818
-8818
-8817
-8813
-8812
-8811
-8810
-8809
-8809
-8809
-8805
-8804
-8803
-8802
-8802
-8802
-8801
-8800
-8800
-8799
-8795
-8794
-8794
-8793
-8793
-8792
-8792
-8792
-8792
-8792
-8791
-8791
-8789
-8788
-8788
-8788
-8787
-8786
-8783
-8781
-8778
-8775
-8775
-8775
-8775
-8774
-8774
-8774
-8772
-8771
-8771
-8771
-8771
-8770
-8770
-8769
-8768
-8768
-8768
-8767
-8767
-8767
-8766
-8766
-8764
-8763
-8762
-8762
-8760
-8759
-8759
-8759
-8759
-8758
-8756
-8755
-8755
-8755
-8752
-8752
-8752
-8751
-8750
-8749
-8749
-8749
-8748
-8747
-8745
-8743
-8743
-8742
-8741
-8741
-8741
-8741
-8740
-8739
-8739
-8738
-8738
-8737
-8737
-8737
-8737
-8736
-8736
-8736
-8736
-8735
-8735
-8734
-8733
-8733
-8733
-8732
-8731
-8729
-8729
-8729
-8726
-8724
-8724
-8724
-8723
-8722
-8722
-8722
-8722
-8718
-8718
-8717
-8717
-8716
-8716
-8715
-8713
-8713
-8713
-8712
-8711
-8711
-8710
-8708
-8707
-8706
-8706
-8705
-8705
-8704
-8704
-8704
-8703
-8703
-8702
-8701
-8698
-8696
-8695
-8695
-8694
-8694
-8694
-8692
-8691
-8691
-8691
-8691
-8690
-8689
-8688
-8688
-8687
-8687
-8684
-8683
-8682
-8682
-8681
-8681
-8681
-8678
-8677
-8677
-8676
-8675
-8675
-8675
-8673
-8671
-8669
-8669
-8668
-8667
-8667
-8666
-8665
-8665
-8665
-8665
-8664
-8664
-8663
-8663
-8662
-8660
-8660
-8659
-8657
-8656
-8656
-8655
-8653
-8653
-8653
-8652
-8651
-8651
-8648
-8648
-8647
-8647
-8646
-8644
-8644
-8643
-8642
-8641
-8641
-8639
-8635
-8634
-8634
-8634
-8633
-8633
-8632
-8630
-8630
-8630
-8628
-8627
-8626
-8624
-8622
-8621
-8618
-8618
-8616
-8616
-8616
-8615
-8614
-8614
-8612
-8611
-8609
-8609
-8608
-8607
-8607
-8606
-8605
-8604
-8604
-8604
-8603
-8603
-8603
-8602
-8601
-8601
-8599
-8599
-8599
-8598
-8598
-8597
-8597
-8596
-8595
-8595
-8594
-8594
-8593
-8590
-8585
-8582
-8582
-8582
-8580
-8579
-8579
-8579
-8577
-8576
-8576
-8576
-8574
-8573
-8572
-8571
-8571
-8570
-8570
-8570
-8569
-8568
-8567
-8565
-8565
-8565
-8565
-8562
-8559
-8559
-8558
-8558
-8558
-8557
-8557
-8556
-8556
-8555
-8554
-8553
-8552
-8551
-8549
-8549
-8548
-8548
-8546
-8546
-8544
-8544
-8544
-8543
-8543
-8543
-8541
-8541
-8540
-8540
-8539
-8539
-8538
-8538
-8537
-8536
-8536
-8535
-8532
-8532
-8532
-8532
-8531
-8531
-8531
-8530
-8530
-8530
-8530
-8528
-8525
-8525
-8523
-8522
-8522
-8522
-8518
-8518
-8517
-8515
-8515
-8513
-8512
-8512
-8508
-8508
-8507
-8506
-8506
-8506
-8505
-8505
-8505
-8504
-8503
-8501
-8500
-8497
-8497
-8496
-8496
-8494
-8492
-8492
-8491
-8490
-8490
-8488
-8486
-8484
-8483
-8482
-8481
-8481
-8480
-8478
-8478
-8477
-8476
-8476
-8475
-8474
-8473
-8473
-8473
-8470
-8465
-8464
-8463
-8463
-8462
-8459
-8459
-8457
-8456
-8456
-8456
-8455
-8453
-8451
-8450
-8450
-8449
-8448
-8448
-8447
-8447
-8446
-8445
-8443
-8442
-8441
-8440
-8439
-8439
-8439
-8436
-8435
-8435
-8434
-8434
-8431
-8431
-8431
-8431
-8430
-8429
-8428
-8428
-8427
-8427
-8426
-8426
-8425
-8425
-8425
-8424
-8424
-8423
-8422
-8422
-8418
-8417
-8417
-8416
-8415
-8414
-8414
-8414
-8413
-8411
-8411
-8411
-8409
-8407
-8406
-8406
-8406
-8406
-8405
-8405
-8405
-8401
-8400
-8399
-8397
-8397
-8396
-8395
-8395
-8395
-8394
-8394
-8393
-8393
-8393
-8392
-8391
-8390
-8390
-8389
-8389
-8388
-8387
-8387
-8387
-8386
-8386
-8386
-8386
-8385
-8385
-8385
-8385
-8384
-8384
-8384
-8383
-8383
-8382
-8381
-8378
-8377
-8370
-8368
-8368
-8365
-8364
-8364
-8363
-8361
-8359
-8358
-8357
-8357
-8356
-8355
-8354
-8353
-8353
-8352
-8352
-8349
-8349
-8349
-8348
-8346
-8346
-8346
-8345
-8345
-8344
-8344
-8343
-8342
-8341
-8341
-8340
-8340
-8340
-8340
-8339
-8337
-8337
-8335
-8334
-8333
-8331
-8331
-8328
-8328
-8327
-8325
-8324
-8323
-8323
-8322
-8321
-8320
-8319
-8316
-8315
-8315
-8315
-8314
-8314
-8314
-8314
-8311
-8310
-8308
-8306
-8306
-8305
-8305
-8305
-8304
-8304
-8303
-8303
-8302
-8302
-8301
-8300
-8299
-8299
-8299
-8299
-8299
-8299
-8298
-8297
-8295
-8293
-8290
-8289
-8288
-8288
-8288
-8286
-8286
-8284
-8283
-8283
-8281
-8279
-8278
-8278
-8277
-8277
-8276
-8276
-8275
-8274
-8273
-8272
-8271
-8269
-8269
-8268
-8268
-8268
-8268
-8267
-8267
-8266
-8265
-8264
-8263
-8263
-8262
-8262
-8261
-8261
-8261
-8260
-8259
-8259
-8259
-8258
-8257
-8257
-8256
-8256
-8255
-8254
-8254
-8254
-8254
-8252
-8251
-8250
-8250
-8250
-8250
-8249
-8244
-8244
-8243
-8243
-8243
-8242
-8238
-8238
-8237
-8236
-8235
-8233
-8230
-8229
-8229
-8227
-8227
-8225
-8225
-8224
-8224
-8224
-8223
-8223
-8222
-8221
-8221
-8218
-8217
-8216
-8216
-8216
-8215
-8215
-8214
-8214
-8214
-8214
-8213
-8213
-8211
-8210
-8208
-8207
-8205
-8204
-8204
-8203
-8202
-8202
-8201
-8199
-8198
-8198
-8198
-8198
-8197
-8196
-8195
-8193
-8193
-8193
-8193
-8191
-8191
-8191
-8191
-8189
-8188
-8187
-8187
-8186
-8186
-8185
-8185
-8185
-8184
-8184
-8182
-8180
-8180
-8180
-8177
-8176
-8175
-8175
-8174
-8173
-8172
-8172
-8172
-8171
-8170
-8170
-8169
-8169
-8168
-8168
-8167
-8165
-8165
-8165
-8165
-8165
-8164
-8164
-8164
-8163
-8162
-8161
-8160
-8160
-8160
-8159
-8158
-8155
-8154
-8154
-8152
-8152
-8152
-8150
-8150
-8149
-8149
-8148
-8148
-8147
-8147
-8147
-8146
-8144
-8144
-8144
-8142
-8142
-8141
-8141
-8141
-8140
-8140
-8140
-8137
-8136
-8136
-8133
-8133
-8133
-8132
-8132
-8132
-8131
-8130
-8130
-8128
-8127
-8127
-8127
-8127
-8127
-8125
-8125
-8124
-8121
-8120
-8120
-8120
-8117
-8116
-8114
-8114
-8111
-8111
-8110
-8110
-8108
-8108
-8106
-8106
-8105
-8105
-8104
-8104
-8102
-8101
-8101
-8101
-8099
-8098
-8096
-8096
-8096
-8095
-8094
-8094
-8093
-8092
-8091
-8091
-8090
-8089
-8089
-8089
-8087
-8087
-8086
-8085
-8085
-8084
-8082
-8082
-8081
-8080
-8079
-8079
-8079
-8079
-8078
-8078
-8078
-8077
-8077
-8076
-8076
-8075
-8075
-8074
-8073
-8073
-8072
-8071
-8069
-8069
-8068
-8068
-8067
-8067
-8066
-8066
-8065
-8064
-8064
-8063
-8063
-8063
-8063
-8060
-8060
-8060
-8059
-8059
-8059
-8058
-8055
-8053
-8053
-8052
-8050
-8047
-8046
-8046
-8045
-8044
-8043
-8042
-8041
-8041
-8041
-8041
-8040
-8039
-8037
-8037
-8037
-8037
-8036
-8035
-8035
-8034
-8034
-8030
-8028
-8028
-8028
-8027
-8026
-8025
-8025
-8024
-8023
-8022
-8022
-8021
-8020
-8020
-8020
-8016
-8014
-8014
-8014
-8013
-8013
-8012
-8011
-8011
-8011
-8010
-8009
-8009
-8009
-8009
-8009
-8007
-8007
-8006
-8006
-8006
-8005
-8004
-8004
-8001
-7999
-7999
-7999
-7996
-7995
-7995
-7994
-7993
-7992
-7992
-7991
-7990
-7990
-7990
-7990
-7990
-7989
-7988
-7988
-7987
-7987
-7985
-7982
-7982
-7981
-7981
-7980
-7980
-7978
-7978
-7977
-7977
-7976
-7974
-7972
-7971
-7971
-7967
-7965
-7964
-7961
-7961
-7960
-7959
-7959
-7958
-7956
-7954
-7954
-7954
-7949
-7949
-7947
-7947
-7944
-7944
-7944
-7941
-7941
-7941
-7940
-7940
-7938
-7935
-7933
-7932
-7931
-7930
-7927
-7925
-7924
-7923
-7922
-7922
-7919
-7917
-7917
-7916
-7915
-7915
-7915
-7915
-7914
-7914
-7913
-7913
-7912
-7912
-7911
-7910
-7910
-7909
-7907
-7906
-7905
-7905
-7904
-7903
-7903
-7902
-7901
-7901
-7901
-7899
-7898
-7898
-7896
-7896
-7895
-7895
-7894
-7893
-7893
-7892
-7892
-7891
-7891
-7891
-7890
-7889
-7889
-7886
-7885
-7885
-7884
-7883
-7882
-7880
-7880
-7880
-7880
-7879
-7878
-7877
-7875
-7874
-7874
-7873
-7871
-7871
-7871
-7871
-7871
-7870
-7868
-7868
-7867
-7867
-7867
-7867
-7867
-7866
-7864
-7864
-7863
-7863
-7859
-7859
-7858
-7858
-7857
-7857
-7856
-7856
-7855
-7855
-7855
-7854
-7853
-7852
-7852
-7851
-7850
-7849
-7846
-7845
-7845
-7844
-7843
-7842
-7842
-7841
-7841
-7838
-7838
-7838
-7837
-7837
-7837
-7836
-7836
-7835
-7833
-7832
-7832
-7831
-7831
-7830
-7828
-7828
-7825
-7825
-7822
-7820
-7819
-7819
-7818
-7817
-7817
-7816
-7813
-7812
-7812
-7805
-7805
-7805
-7804
-7804
-7803
-7803
-7802
-7801
-7800
-7800
-7795
-7795
-7794
-7791
-7790
-7790
-7790
-7789
-7789
-7789
-7789
-7787
-7787
-7786
-7786
-7786
-7784
-7783
-7783
-7780
-7779
-7779
-7777
-7776
-7776
-7775
-7774
-7773
-7772
-7771
-7771
-7771
-7770
-7768
-7768
-7767
-7766
-7765
-7764
-7764
-7764
-7763
-7762
-7762
-7760
-7760
-7759
-7759
-7759
-7758
-7757
-7757
-7757
-7757
-7756
-7756
-7754
-7754
-7754
-7752
-7752
-7751
-7751
-7750
-7749
-7749
-7749
-7748
-7747
-7747
-7746
-7745
-7744
-7743
-7743
-7741
-7741
-7740
-7740
-7740
-7739
-7737
-7737
-7737
-7736
-7736
-7736
-7735
-7734
-7734
-7734
-7733
-7733
-7732
-7732
-7732
-7732
-7731
-7731
-7729
-7729
-7728
-7728
-7727
-7726
-7726
-7724
-7724
-7724
-7719
-7718
-7718
-7718
-7717
-7717
-7716
-7714
-7714
-7713
-7712
-7710
-7709
-7709
-7709
-7709
-7707
-7705
-7704
-7703
-7702
-7702
-7702
-7702
-7701
-7701
-7700
-7700
-7698
-7698
-7698
-7697
-7697
-7697
-7697
-7697
-7694
-7692
-7691
-7690
-7690
-7690
-7690
-7689
-7689
-7688
-7687
-7687
-7686
-7686
-7686
-7685
-7685
-7684
-7682
-7682
-7681
-7680
-7679
-7679
-7678
-7678
-7678
-7678
-7678
-7675
-7674
-7673
-7671
-7668
-7667
-7666
-7666
-7665
-7665
-7664
-7664
-7663
-7662
-7660
-7657
-7656
-7656
-7656
-7656
-7655
-7655
-7654
-7652
-7650
-7649
-7648
-7647
-7647
-7647
-7646
-7646
-7645
-7645
-7645
-7644
-7643
-7643
-7642
-7640
-7640
-7639
-7638
-7637
-7637
-7636
-7635
-7635
-7633
-7633
-7631
-7631
-7631
-7630
-7628
-7627
-7627
-7627
-7626
-7626
-7626
-7626
-7626
-7623
-7623
-7622
-7621
-7620
-7617
-7617
-7613
-7613
-7613
-7612
-7612
-7611
-7609
-7608
-7608
-7608
-7608
-7608
-7606
-7604
-7603
-7602
-7602
-7602
-7601
-7600
-7599
-7599
-7598
-7595
-7594
-7592
-7592
-7591
-7590
-7590
-7586
-7586
-7585
-7585
-7583
-7583
-7582
-7581
-7580
-7579
-7579
-7579
-7578
-7577
-7577
-7576
-7573
-7573
-7573
-7572
-7572
-7572
-7571
-7570
-7569
-7569
-7565
-7564
-7563
-7560
-7560
-7560
-7560
-7559
-7557
-7556
-7556
-7555
-7553
-7553
-7553
-7552
-7552
-7550
-7550
-7549
-7549
-7548
-7547
-7546
-7545
-7544
-7542
-7539
-7538
-7537
-7536
-7536
-7536
-7535
-7533
-7533
-7532
-7529
-7528
-7528
-7526
-7526
-7524
-7524
-7523
-7523
-7522
-7522
-7521
-7521
-7518
-7518
-7517
-7516
-7516
-7516
-7516
-7516
-7516
-7516
-7514
-7514
-7513
-7512
-7510
-7507
-7506
-7506
-7505
-7505
-7504
-7504
-7502
-7500
-7496
-7496
-7495
-7495
-7492
-7491
-7490
-7490
-7490
-7490
-7488
-7487
-7483
-7481
-7481
-7481
-7480
-7480
-7479
-7478
-7478
-7477
-7477
-7476
-7475
-7474
-7474
-7470
-7469
-7469
-7468
-7468
-7468
-7467
-7467
-7466
-7466
-7465
-7464
-7462
-7462
-7462
-7461
-7460
-7460
-7459
-7459
-7458
-7457
-7455
-7455
-7453
-7453
-7452
-7452
-7452
-7452
-7452
-7450
-7450
-7449
-7449
-7448
-7445
-7444
-7443
-7443
-7443
-7443
-7442
-7441
-7440
-7439
-7439
-7438
-7437
-7437
-7437
-7435
-7433
-7433
-7433
-7433
-7432
-7431
-7430
-7430
-7429
-7427
-7427
-7426
-7424
-7423
-7423
-7422
-7420
-7420
-7418
-7418
-7417
-7416
-7414
-7414
-7413
-7412
-7412
-7410
-7409
-7409
-7407
-7407
-7406
-7402
-7402
-7401
-7400
-7399
-7398
-7397
-7397
-7397
-7395
-7395
-7395
-7393
-7392
-7391
-7389
-7389
-7388
-7388
-7387
-7387
-7386
-7384
-7384
-7384
-7382
-7381
-7380
-7379
-7379
-7379
-7378
-7378
-7377
-7376
-7375
-7375
-7371
-7370
-7370
-7370
-7369
-7368
-7367
-7367
-7366
-7366
-7365
-7365
-7365
-7364
-7363
-7363
-7362
-7362
-7358
-7358
-7358
-7357
-7355
-7355
-7352
-7352
-7352
-7351
-7349
-7348
-7348
-7341
-7341
-7341
-7340
-7340
-7340
-7339
-7337
-7337
-7337
-7336
-7335
-7333
-7330
-7328
-7328
-7327
-7327
-7327
-7326
-7325
-7325
-7324
-7323
-7323
-7322
-7321
-7321
-7320
-7318
-7317
-7317
-7317
-7316
-7316
-7316
-7316
-7315
-7315
-7314
-7314
-7313
-7312
-7311
-7311
-7311
-7310
-7310
-7310
-7309
-7309
-7308
-7308
-7307
-7306
-7306
-7305
-7304
-7304
-7304
-7303
-7303
-7303
-7302
-7301
-7298
-7298
-7298
-7297
-7296
-7296
-7295
-7295
-7294
-7292
-7292
-7290
-7290
-7289
-7287
-7287
-7287
-7287
-7286
-7286
-7286
-7286
-7285
-7285
-7284
-7284
-7283
-7283
-7281
-7280
-7279
-7274
-7271
-7269
-7269
-7268
-7267
-7266
-7266
-7264
-7264
-7263
-7263
-7260
-7257
-7257
-7256
-7256
-7255
-7255
-7253
-7251
-7250
-7250
-7248
-7247
-7246
-7246
-7245
-7245
-7245
-7244
-7243
-7242
-7241
-7240
-7239
-7239
-7237
-7235
-7234
-7234
-7233
-7233
-7232
-7232
-7231
-7230
-7229
-7228
-7227
-7225
-7224
-7223
-7218
-7217
-7217
-7216
-7216
-7214
-7214
-7213
-7213
-7211
-7211
-7211
-7210
-7208
-7207
-7206
-7203
-7202
-7202
-7201
-7201
-7201
-7200
-7200
-7200
-7198
-7197
-7197
-7197
-7194
-7194
-7194
-7193
-7193
-7193
-7192
-7188
-7188
-7187
-7186
-7185
-7185
-7185
-7184
-7184
-7183
-7183
-7182
-7181
-7181
-7180
-7179
-7179
-7179
-7179
-7177
-7176
-7175
-7174
-7174
-7174
-7174
-7174
-7173
-7173
-7172
-7171
-7170
-7169
-7169
-7168
-7168
-7168
-7167
-7167
-7166
-7166
-7166
-7166
-7164
-7158
-7158
-7157
-7152
-7150
-7150
-7149
-7149
-7147
-7147
-7145
-7144
-7143
-7143
-7142
-7142
-7142
-7134
-7134
-7133
-7133
-7133
-7132
-7131
-7131
-7130
-7129
-7129
-7128
-7120
-7120
-7118
-7117
-7116
-7116
-7113
-7113
-7112
-7112
-7112
-7112
-7112
-7111
-7111
-7110
-7109
-7108
-7108
-7108
-7108
-7108
-7108
-7106
-7106
-7105
-7104
-7104
-7103
-7103
-7100
-7100
-7098
-7095
-7094
-7093
-7093
-7093
-7091
-7089
-7088
-7087
-7087
-7086
-7084
-7083
-7083
-7080
-7077
-7076
-7075
-7075
-7074
-7073
-7072
-7072
-7069
-7069
-7069
-7068
-7068
-7068
-7065
-7065
-7064
-7064
-7064
-7063
-7062
-7060
-7060
-7059
-7058
-7058
-7057
-7056
-7054
-7054
-7053
-7052
-7052
-7051
-7049
-7047
-7047
-7045
-7045
-7045
-7044
-7043
-7043
-7038
-7034
-7034
-7034
-7034
-7034
-7033
-7033
-7032
-7032
-7031
-7030
-7029
-7028
-7027
-7027
-7026
-7025
-7025
-7025
-7023
-7023
-7023
-7023
-7022
-7022
-7022
-7021
-7021
-7021
-7020
-7019
-7019
-7018
-7018
-7018
-7017
-7017
-7016
-7015
-7015
-7014
-7014
-7012
-7010
-7010
-7008
-7008
-7008
-7007
-7007
-7007
-7007
-7006
-7005
-7005
-7005
-7004
-7003
-7002
-7002
-7002
-7000
-6998
-6997
-6995
-6994
-6994
-6994
-6993
-6992
-6990
-6990
-6990
-6990
-6989
-6989
-6988
-6987
-6985
-6985
-6984
-6983
-6983
-6983
-6983
-6982
-6980
-6979
-6975
-6975
-6975
-6973
-6972
-6972
-6972
-6970
-6970
-6970
-6969
-6966
-6966
-6965
-6963
-6962
-6962
-6961
-6961
-6961
-6960
-6960
-6959
-6959
-6959
-6958
-6957
-6957
-6957
-6956
-6956
-6955
-6953
-6952
-6952
-6951
-6950
-6950
-6950
-6948
-6946
-6946
-6945
-6944
-6944
-6943
-6940
-6940
-6939
-6936
-6935
-6935
-6935
-6934
-6932
-6932
-6931
-6931
-6930
-6930
-6930
-6929
-6927
-6927
-6926
-6926
-6925
-6925
-6925
-6924
-6923
-6922
-6922
-6922
-6922
-6921
-6921
-6921
-6921
-6920
-6918
-6917
-6917
-6915
-6915
-6915
-6915
-6913
-6910
-6908
-6908
-6908
-6907
-6906
-6904
-6904
-6904
-6903
-6903
-6903
-6903
-6902
-6900
-6900
-6899
-6898
-6898
-6897
-6896
-6896
-6895
-6893
-6888
-6888
-6887
-6887
-6886
-6886
-6885
-6885
-6884
-6883
-6882
-6882
-6882
-6881
-6880
-6880
-6875
-6874
-6874
-6874
-6872
-6871
-6871
-6871
-6870
-6870
-6868
-6868
-6866
-6863
-6863
-6861
-6861
-6861
-6861
-6860
-6860
-6859
-6859
-6859
-6858
-6857
-6857
-6857
-6855
-6854
-6853
-6853
-6853
-6853
-6852
-6852
-6851
-6851
-6850
-6850
-6849
-6849
-6849
-6848
-6846
-6842
-6842
-6840
-6838
-6838
-6837
-6836
-6836
-6836
-6834
-6834
-6833
-6832
-6832
-6832
-6831
-6829
-6829
-6829
-6828
-6828
-6826
-6824
-6823
-6823
-6821
-6820
-6820
-6820
-6820
-6819
-6817
-6816
-6815
-6813
-6812
-6812
-6811
-6810
-6810
-6809
-6809
-6809
-6808
-6807
-6807
-6801
-6801
-6801
-6800
-6800
-6799
-6797
-6797
-6795
-6794
-6794
-6794
-6794
-6792
-6791
-6789
-6788
-6787
-6787
-6785
-6784
-6783
-6782
-6781
-6780
-6780
-6779
-6778
-6778
-6778
-6778
-6776
-6776
-6776
-6775
-6773
-6772
-6771
-6770
-6769
-6769
-6768
-6768
-6768
-6767
-6767
-6765
-6765
-6765
-6765
-6764
-6763
-6762
-6762
-6762
-6762
-6761
-6761
-6761
-6760
-6760
-6760
-6760
-6759
-6758
-6758
-6757
-6755
-6755
-6755
-6754
-6753
-6753
-6753
-6752
-6752
-6750
-6750
-6749
-6748
-6748
-6748
-6748
-6747
-6747
-6746
-6744
-6743
-6741
-6740
-6739
-6739
-6738
-6738
-6736
-6736
-6735
-6735
-6735
-6733
-6733
-6732
-6730
-6730
-6730
-6727
-6727
-6725
-6725
-6723
-6723
-6721
-6721
-6719
-6719
-6719
-6719
-6718
-6716
-6715
-6715
-6715
-6714
-6714
-6713
-6712
-6711
-6710
-6707
-6707
-6704
-6701
-6700
-6700
-6700
-6699
-6699
-6699
-6698
-6697
-6697
-6696
-6696
-6696
-6695
-6694
-6694
-6694
-6692
-6691
-6689
-6688
-6688
-6687
-6687
-6686
-6686
-6685
-6684
-6683
-6683
-6682
-6682
-6682
-6681
-6681
-6680
-6680
-6679
-6679
-6679
-6677
-6675
-6674
-6672
-6672
-6672
-6672
-6671
-6670
-6665
-6665
-6665
-6664
-6664
-6662
-6662
-6662
-6661
-6660
-6660
-6659
-6658
-6658
-6658
-6657
-6657
-6656
-6654
-6653
-6652
-6652
-6651
-6651
-6650
-6650
-6650
-6650
-6648
-6647
-6646
-6646
-6645
-6645
-6645
-6644
-6644
-6644
-6640
-6638
-6638
-6636
-6635
-6635
-6634
-6634
-6632
-6632
-6631
-6631
-6630
-6629
-6628
-6628
-6627
-6627
-6626
-6626
-6626
-6625
-6625
-6623
-6623
-6621
-6621
-6620
-6620
-6620
-6619
-6618
-6617
-6616
-6614
-6614
-6612
-6612
-6612
-6612
-6612
-6612
-6611
-6611
-6608
-6607
-6605
-6605
-6604
-6604
-6604
-6604
-6602
-6600
-6599
-6598
-6598
-6596
-6596
-6595
-6595
-6595
-6594
-6594
-6593
-6593
-6592
-6590
-6587
-6586
-6584
-6582
-6582
-6582
-6582
-6581
-6581
-6580
-6579
-6579
-6579
-6578
-6577
-6577
-6575
-6575
-6571
-6571
-6571
-6570
-6569
-6568
-6567
-6567
-6565
-6562
-6561
-6561
-6560
-6555
-6555
-6555
-6555
-6554
-6553
-6552
-6552
-6549
-6549
-6548
-6545
-6544
-6543
-6543
-6543
-6541
-6540
-6540
-6538
-6538
-6537
-6537
-6537
-6535
-6535
-6535
-6535
-6535
-6534
-6534
-6532
-6532
-6532
-6530
-6529
-6529
-6529
-6528
-6527
-6526
-6522
-6522
-6521
-6520
-6517
-6515
-6515
-6514
-6514
-6512
-6511
-6509
-6509
-6508
-6506
-6505
-6504
-6504
-6504
-6504
-6503
-6503
-6502
-6502
-6502
-6501
-6500
-6500
-6499
-6499
-6498
-6497
-6497
-6495
-6495
-6494
-6494
-6493
-6492
-6492
-6492
-6491
-6489
-6489
-6489
-6489
-6488
-6487
-6485
-6485
-6484
-6484
-6482
-6482
-6480
-6480
-6480
-6479
-6478
-6477
-6477
-6475
-6475
-6474
-6472
-6471
-6469
-6467
-6467
-6467
-6466
-6466
-6466
-6465
-6464
-6464
-6464
-6463
-6463
-6462
-6461
-6459
-6458
-6457
-6456
-6455
-6453
-6452
-6451
-6450
-6450
-6448
-6448
-6447
-6446
-6446
-6446
-6445
-6443
-6442
-6442
-6441
-6440
-6439
-6438
-6438
-6438
-6437
-6436
-6436
-6435
-6434
-6434
-6434
-6434
-6433
-6433
-6431
-6430
-6430
-6430
-6429
-6429
-6429
-6428
-6427
-6427
-6426
-6426
-6424
-6424
-6422
-6422
-6422
-6422
-6422
-6421
-6420
-6420
-6420
-6417
-6416
-6414
-6414
-6413
-6413
-6412
-6412
-6410
-6410
-6410
-6410
-6410
-6409
-6408
-6406
-6406
-6406
-6406
-6406
-6405
-6404
-6403
-6403
-6403
-6403
-6402
-6401
-6401
-6400
-6400
-6399
-6398
-6398
-6398
-6397
-6397
-6397
-6396
-6392
-6392
-6392
-6391
-6390
-6388
-6387
-6387
-6384
-6380
-6380
-6380
-6378
-6378
-6376
-6375
-6375
-6374
-6373
-6373
-6373
-6373
-6372
-6372
-6371
-6370
-6369
-6368
-6367
-6367
-6367
-6366
-6365
-6364
-6364
-6363
-6362
-6360
-6356
-6356
-6355
-6354
-6354
-6354
-6354
-6354
-6353
-6352
-6351
-6350
-6349
-6349
-6348
-6345
-6344
-6344
-6343
-6343
-6341
-6341
-6341
-6339
-6336
-6335
-6335
-6335
-6333
-6333
-6333
-6331
-6330
-6330
-6327
-6327
-6327
-6326
-6324
-6324
-6324
-6323
-6323
-6323
-6323
-6323
-6322
-6322
-6321
-6321
-6320
-6320
-6319
-6319
-6319
-6318
-6314
-6313
-6312
-6312
-6312
-6308
-6307
-6307
-6307
-6306
-6305
-6305
-6304
-6304
-6302
-6302
-6302
-6300
-6300
-6300
-6300
-6298
-6298
-6298
-6297
-6296
-6296
-6296
-6295
-6295
-6294
-6293
-6293
-6292
-6291
-6290
-6288
-6288
-6288
-6286
-6286
-6284
-6283
-6281
-6279
-6278
-6276
-6275
-6275
-6275
-6275
-6274
-6273
-6273
-6272
-6271
-6271
-6271
-6270
-6270
-6269
-6268
-6266
-6265
-6262
-6261
-6261
-6260
-6260
-6259
-6259
-6258
-6257
-6256
-6254
-6254
-6252
-6252
-6252
-6250
-6250
-6248
-6248
-6247
-6246
-6244
-6242
-6241
-6240
-6239
-6239
-6238
-6237
-6237
-6235
-6235
-6233
-6232
-6231
-6231
-6229
-6229
-6228
-6227
-6227
-6226
-6225
-6225
-6225
-6223
-6223
-6222
-6222
-6222
-6222
-6221
-6221
-6221
-6220
-6219
-6217
-6217
-6215
-6215
-6212
-6211
-6211
-6210
-6207
-6202
-6201
-6200
-6199
-6199
-6198
-6198
-6198
-6196
-6194
-6193
-6193
-6192
-6187
-6186
-6185
-6181
-6181
-6181
-6181
-6181
-6180
-6179
-6179
-6178
-6178
-6178
-6177
-6177
-6175
-6175
-6173
-6173
-6172
-6169
-6169
-6168
-6168
-6167
-6166
-6165
-6163
-6163
-6163
-6163
-6163
-6161
-6160
-6159
-6159
-6159
-6159
-6159
-6158
-6157
-6157
-6157
-6157
-6157
-6156
-6155
-6154
-6153
-6153
-6152
-6148
-6146
-6145
-6145
-6143
-6143
-6142
-6142
-6141
-6140
-6139
-6138
-6137
-6137
-6137
-6137
-6134
-6134
-6133
-6131
-6130
-6129
-6127
-6127
-6126
-6125
-6124
-6124
-6122
-6120
-6119
-6119
-6116
-6115
-6115
-6114
-6112
-6111
-6111
-6109
-6108
-6107
-6107
-6107
-6105
-6105
-6104
-6104
-6101
-6100
-6099
-6099
-6099
-6099
-6097
-6096
-6096
-6096
-6095
-6095
-6093
-6092
-6092
-6092
-6092
-6091
-6090
-6090
-6088
-6088
-6084
-6083
-6081
-6081
-6080
-6079
-6079
-6079
-6078
-6077
-6077
-6076
-6072
-6072
-6071
-6071
-6070
-6069
-6068
-6067
-6067
-6066
-6066
-6065
-6064
-6064
-6064
-6063
-6063
-6063
-6063
-6062
-6062
-6062
-6061
-6061
-6060
-6059
-6059
-6058
-6058
-6056
-6054
-6050
-6047
-6047
-6046
-6045
-6044
-6043
-6043
-6042
-6042
-6042
-6042
-6042
-6041
-6040
-6038
-6038
-6037
-6036
-6035
-6034
-6034
-6033
-6032
-6031
-6031
-6030
-6029
-6028
-6026
-6026
-6025
-6025
-6024
-6024
-6023
-6022
-6021
-6020
-6020
-6019
-6018
-6018
-6014
-6014
-6013
-6013
-6012
-6012
-6012
-6011
-6008
-6007
-6006
-6006
-6004
-6003
-6002
-6001
-6000
-5999
-5998
-5998
-5998
-5998
-5998
-5997
-5996
-5995
-5992
-5991
-5991
-5990
-5989
-5987
-5987
-5984
-5984
-5984
-5983
-5982
-5982
-5981
-5981
-5978
-5977
-5977
-5977
-5976
-5976
-5975
-5975
-5974
-5973
-5972
-5972
-5972
-5972
-5972
-5971
-5971
-5970
-5970
-5970
-5969
-5968
-5967
-5967
-5966
-5965
-5965
-5964
-5964
-5963
-5961
-5961
-5961
-5961
-5959
-5957
-5957
-5956
-5956
-5955
-5955
-5955
-5954
-5953
-5952
-5949
-5948
-5948
-5947
-5943
-5943
-5943
-5942
-5941
-5939
-5938
-5938
-5937
-5937
-5937
-5935
-5935
-5935
-5934
-5934
-5932
-5932
-5931
-5930
-5930
-5928
-5928
-5928
-5927
-5927
-5926
-5924
-5923
-5923
-5923
-5923
-5922
-5922
-5919
-5919
-5917
-5917
-5915
-5913
-5913
-5913
-5911
-5909
-5909
-5906
-5906
-5906
-5905
-5904
-5904
-5903
-5902
-5902
-5899
-5899
-5899
-5898
-5898
-5896
-5896
-5895
-5895
-5890
-5889
-5889
-5888
-5888
-5887
-5887
-5885
-5885
-5884
-5883
-5883
-5881
-5881
-5880
-5879
-5878
-5877
-5877
-5877
-5877
-5876
-5876
-5875
-5874
-5874
-5874
-5872
-5871
-5871
-5870
-5870
-5870
-5869
-5868
-5868
-5866
-5865
-5864
-5864
-5862
-5862
-5861
-5861
-5861
-5861
-5858
-5857
-5855
-5855
-5854
-5854
-5853
-5853
-5851
-5850
-5849
-5849
-5848
-5847
-5846
-5846
-5845
-5845
-5845
-5844
-5844
-5842
-5841
-5841
-5838
-5837
-5835
-5834
-5834
-5833
-5833
-5832
-5831
-5831
-5829
-5829
-5828
-5827
-5826
-5823
-5823
-5822
-5821
-5820
-5818
-5817
-5817
-5815
-5814
-5814
-5812
-5811
-5811
-5810
-5810
-5809
-5809
-5807
-5806
-5804
-5804
-5804
-5801
-5801
-5800
-5800
-5799
-5799
-5799
-5799
-5798
-5798
-5798
-5798
-5797
-5797
-5795
-5795
-5793
-5791
-5790
-5790
-5790
-5789
-5789
-5788
-5785
-5785
-5785
-5785
-5784
-5784
-5783
-5782
-5782
-5781
-5780
-5780
-5779
-5779
-5779
-5776
-5776
-5775
-5775
-5774
-5771
-5769
-5767
-5764
-5762
-5761
-5759
-5758
-5757
-5755
-5755
-5755
-5755
-5754
-5753
-5751
-5751
-5751
-5750
-5749
-5749
-5748
-5745
-5744
-5744
-5744
-5744
-5744
-5743
-5742
-5741
-5740
-5737
-5734
-5734
-5732
-5731
-5731
-5729
-5729
-5727
-5727
-5726
-5726
-5725
-5725
-5724
-5723
-5723
-5722
-5721
-5720
-5719
-5719
-5718
-5718
-5717
-5717
-5716
-5714
-5714
-5712
-5712
-5711
-5710
-5710
-5709
-5709
-5709
-5709
-5709
-5709
-5707
-5707
-5706
-5705
-5704
-5703
-5701
-5700
-5698
-5698
-5698
-5697
-5696
-5695
-5695
-5693
-5691
-5689
-5688
-5688
-5688
-5687
-5687
-5685
-5685
-5685
-5685
-5684
-5684
-5683
-5681
-5681
-5678
-5677
-5673
-5673
-5671
-5670
-5669
-5666
-5666
-5665
-5665
-5665
-5664
-5662
-5661
-5661
-5661
-5660
-5659
-5658
-5658
-5658
-5656
-5656
-5656
-5656
-5656
-5656
-5656
-5655
-5655
-5655
-5654
-5654
-5654
-5653
-5652
-5651
-5650
-5649
-5649
-5647
-5647
-5645
-5645
-5643
-5642
-5641
-5641
-5641
-5640
-5639
-5639
-5637
-5637
-5637
-5636
-5635
-5635
-5634
-5633
-5632
-5630
-5630
-5629
-5629
-5625
-5625
-5624
-5624
-5623
-5622
-5621
-5621
-5621
-5621
-5620
-5620
-5620
-5620
-5620
-5619
-5619
-5618
-5617
-5614
-5613
-5612
-5611
-5610
-5610
-5609
-5609
-5608
-5607
-5607
-5607
-5607
-5607
-5606
-5606
-5606
-5605
-5605
-5603
-5602
-5602
-5601
-5601
-5600
-5600
-5598
-5596
-5594
-5594
-5593
-5592
-5592
-5590
-5589
-5589
-5588
-5588
-5587
-5587
-5586
-5584
-5584
-5583
-5583
-5580
-5576
-5576
-5574
-5573
-5573
-5573
-5572
-5572
-5572
-5571
-5569
-5569
-5568
-5568
-5568
-5568
-5568
-5567
-5564
-5564
-5564
-5563
-5562
-5562
-5562
-5562
-5561
-5561
-5559
-5558
-5558
-5558
-5557
-5557
-5557
-5557
-5555
-5554
-5552
-5551
-5549
-5549
-5546
-5545
-5544
-5544
-5544
-5544
-5542
-5542
-5541
-5540
-5540
-5539
-5539
-5539
-5537
-5537
-5536
-5536
-5535
-5535
-5533
-5532
-5532
-5532
-5532
-5531
-5530
-5530
-5529
-5528
-5525
-5525
-5525
-5525
-5524
-5523
-5523
-5522
-5522
-5522
-5521
-5521
-5520
-5518
-5518
-5518
-5516
-5515
-5514
-5512
-5512
-5512
-5512
-5509
-5509
-5509
-5508
-5507
-5506
-5505
-5504
-5504
-5502
-5502
-5501
-5501
-5500
-5499
-5499
-5497
-5496
-5495
-5494
-5494
-5494
-5494
-5490
-5490
-5489
-5489
-5489
-5488
-5488
-5488
-5486
-5486
-5485
-5485
-5484
-5484
-5484
-5484
-5481
-5481
-5480
-5480
-5477
-5477
-5476
-5476
-5476
-5476
-5475
-5474
-5474
-5473
-5472
-5471
-5470
-5470
-5470
-5470
-5469
-5469
-5468
-5468
-5466
-5466
-5465
-5464
-5463
-5463
-5462
-5459
-5459
-5456
-5456
-5451
-5449
-5448
-5448
-5447
-5446
-5445
-5444
-5444
-5442
-5442
-5442
-5440
-5440
-5439
-5437
-5437
-5434
-5432
-5432
-5431
-5431
-5430
-5430
-5428
-5427
-5426
-5426
-5426
-5425
-5425
-5422
-5422
-5421
-5419
-5419
-5418
-5418
-5416
-5415
-5414
-5413
-5413
-5412
-5412
-5412
-5411
-5410
-5410
-5409
-5409
-5409
-5409
-5409
-5407
-5407
-5407
-5406
-5405
-5405
-5405
-5404
-5404
-5403
-5402
-5401
-5400
-5398
-5398
-5398
-5397
-5397
-5396
-5396
-5395
-5395
-5393
-5391
-5390
-5389
-5389
-5389
-5388
-5388
-5387
-5387
-5386
-5385
-5385
-5384
-5382
-5381
-5379
-5378
-5378
-5378
-5378
-5377
-5377
-5377
-5373
-5372
-5371
-5371
-5370
-5370
-5369
-5368
-5366
-5365
-5364
-5364
-5362
-5360
-5359
-5358
-5358
-5358
-5358
-5357
-5355
-5355
-5352
-5351
-5350
-5350
-5349
-5348
-5347
-5346
-5345
-5345
-5345
-5343
-5342
-5341
-5341
-5340
-5337
-5337
-5337
-5337
-5336
-5333
-5333
-5332
-5331
-5331
-5329
-5329
-5328
-5328
-5327
-5327
-5326
-5325
-5324
-5321
-5321
-5321
-5320
-5319
-5319
-5318
-5316
-5316
-5316
-5314
-5313
-5313
-5313
-5313
-5312
-5310
-5309
-5309
-5308
-5308
-5307
-5306
-5305
-5305
-5304
-5302
-5302
-5302
-5301
-5300
-5299
-5298
-5296
-5294
-5293
-5293
-5290
-5290
-5288
-5288
-5286
-5286
-5286
-5285
-5284
-5282
-5280
-5278
-5277
-5275
-5274
-5273
-5272
-5271
-5271
-5270
-5269
-5269
-5267
-5267
-5267
-5265
-5265
-5265
-5264
-5264
-5263
-5262
-5262
-5259
-5258
-5257
-5254
-5254
-5253
-5253
-5252
-5252
-5251
-5250
-5250
-5250
-5249
-5248
-5248
-5246
-5245
-5245
-5245
-5244
-5243
-5243
-5242
-5241
-5241
-5241
-5240
-5240
-5239
-5239
-5239
-5239
-5239
-5238
-5236
-5236
-5235
-5235
-5235
-5233
-5231
-5231
-5230
-5229
-5228
-5228
-5228
-5226
-5223
-5222
-5222
-5221
-5220
-5217
-5216
-5216
-5215
-5214
-5213
-5212
-5211
-5209
-5209
-5207
-5207
-5207
-5205
-5204
-5204
-5202
-5200
-5200
-5199
-5199
-5198
-5197
-5197
-5197
-5194
-5194
-5193
-5190
-5190
-5189
-5188
-5186
-5186
-5185
-5185
-5184
-5184
-5183
-5183
-5182
-5182
-5180
-5179
-5178
-5177
-5176
-5174
-5174
-5173
-5173
-5172
-5170
-5170
-5170
-5169
-5168
-5167
-5166
-5166
-5165
-5165
-5164
-5163
-5163
-5162
-5162
-5161
-5159
-5158
-5158
-5155
-5155
-5153
-5153
-5153
-5151
-5151
-5149
-5148
-5148
-5148
-5147
-5146
-5145
-5145
-5145
-5144
-5142
-5140
-5139
-5139
-5139
-5138
-5138
-5136
-5135
-5135
-5132
-5132
-5132
-5131
-5130
-5129
-5129
-5129
-5127
-5125
-5124
-5124
-5123
-5123
-5122
-5121
-5119
-5119
-5118
-5118
-5118
-5117
-5115
-5114
-5111
-5109
-5109
-5108
-5107
-5107
-5106
-5105
-5105
-5104
-5103
-5103
-5103
-5103
-5103
-5102
-5101
-5097
-5095
-5095
-5093
-5092
-5092
-5091
-5091
-5091
-5090
-5090
-5089
-5089
-5088
-5087
-5086
-5086
-5085
-5085
-5085
-5085
-5084
-5084
-5083
-5083
-5081
-5079
-5077
-5075
-5075
-5075
-5074
-5074
-5074
-5072
-5070
-5070
-5069
-5069
-5068
-5068
-5068
-5068
-5067
-5066
-5065
-5065
-5063
-5063
-5063
-5062
-5061
-5061
-5058
-5057
-5057
-5057
-5055
-5055
-5054
-5052
-5050
-5050
-5050
-5049
-5048
-5047
-5046
-5044
-5043
-5042
-5040
-5039
-5036
-5036
-5035
-5033
-5033
-5033
-5033
-5031
-5029
-5027
-5027
-5026
-5026
-5026
-5021
-5020
-5020
-5019
-5019
-5019
-5018
-5018
-5018
-5016
-5016
-5015
-5014
-5011
-5010
-5010
-5009
-5008
-5008
-5007
-5005
-5005
-5004
-5004
-5004
-5003
-5002
-5000
-4999
-4998
-4996
-4995
-4995
-4994
-4988
-4987
-4986
-4984
-4982
-4982
-4981
-4980
-4979
-4976
-4976
-4976
-4975
-4974
-4973
-4973
-4972
-4972
-4971
-4969
-4969
-4969
-4969
-4969
-4969
-4968
-4968
-4968
-4968
-4967
-4967
-4966
-4966
-4964
-4963
-4962
-4962
-4960
-4959
-4959
-4957
-4955
-4954
-4954
-4954
-4954
-4953
-4953
-4953
-4953
-4953
-4951
-4951
-4950
-4950
-4950
-4949
-4947
-4946
-4946
-4944
-4943
-4942
-4942
-4941
-4941
-4939
-4936
-4935
-4932
-4931
-4929
-4929
-4928
-4927
-4927
-4927
-4925
-4925
-4921
-4920
-4919
-4919
-4918
-4917
-4916
-4915
-4915
-4915
-4914
-4914
-4912
-4911
-4911
-4910
-4910
-4910
-4908
-4908
-4906
-4906
-4906
-4905
-4902
-4901
-4899
-4899
-4897
-4897
-4894
-4894
-4894
-4893
-4893
-4893
-4890
-4889
-4889
-4888
-4887
-4886
-4885
-4885
-4884
-4883
-4883
-4882
-4882
-4881
-4881
-4880
-4874
-4873
-4872
-4871
-4871
-4870
-4870
-4869
-4869
-4868
-4868
-4867
-4864
-4863
-4863
-4860
-4859
-4859
-4859
-4858
-4858
-4857
-4856
-4856
-4854
-4851
-4849
-4849
-4849
-4849
-4848
-4847
-4846
-4845
-4842
-4841
-4840
-4840
-4840
-4837
-4837
-4836
-4835
-4833
-4833
-4833
-4831
-4830
-4830
-4830
-4829
-4829
-4825
-4824
-4823
-4822
-4821
-4819
-4818
-4818
-4818
-4817
-4816
-4816
-4816
-4816
-4815
-4813
-4812
-4812
-4811
-4810
-4809
-4807
-4807
-4806
-4805
-4804
-4804
-4803
-4802
-4802
-4801
-4801
-4801
-4800
-4799
-4799
-4799
-4797
-4796
-4796
-4795
-4794
-4793
-4792
-4791
-4791
-4791
-4790
-4788
-4787
-4786
-4786
-4785
-4784
-4784
-4783
-4783
-4783
-4782
-4780
-4779
-4777
-4777
-4776
-4776
-4774
-4774
-4773
-4773
-4772
-4771
-4771
-4770
-4770
-4764
-4764
-4763
-4763
-4763
-4761
-4761
-4761
-4760
-4759
-4758
-4758
-4757
-4757
-4757
-4756
-4755
-4755
-4755
-4753
-4752
-4752
-4752
-4750
-4750
-4749
-4749
-4749
-4746
-4746
-4745
-4744
-4744
-4744
-4743
-4741
-4740
-4740
-4739
-4738
-4738
-4737
-4737
-4735
-4734
-4732
-4732
-4732
-4731
-4731
-4731
-4730
-4729
-4728
-4728
-4727
-4727
-4727
-4725
-4725
-4724
-4724
-4724
-4723
-4723
-4722
-4722
-4721
-4721
-4720
-4720
-4720
-4719
-4719
-4718
-4717
-4717
-4716
-4714
-4714
-4713
-4712
-4710
-4710
-4710
-4710
-4709
-4709
-4708
-4707
-4707
-4705
-4705
-4702
-4702
-4702
-4699
-4698
-4698
-4696
-4696
-4695
-4695
-4692
-4691
-4691
-4690
-4689
-4688
-4685
-4685
-4683
-4683
-4682
-4680
-4680
-4679
-4679
-4678
-4675
-4674
-4673
-4673
-4672
-4670
-4668
-4668
-4667
-4666
-4666
-4665
-4664
-4664
-4664
-4663
-4662
-4662
-4661
-4659
-4658
-4658
-4658
-4658
-4657
-4657
-4656
-4653
-4651
-4650
-4650
-4649
-4649
-4648
-4648
-4647
-4644
-4641
-4641
-4640
-4638
-4638
-4635
-4633
-4633
-4632
-4631
-4630
-4629
-4627
-4626
-4626
-4624
-4624
-4623
-4623
-4622
-4620
-4620
-4620
-4620
-4619
-4618
-4616
-4615
-4615
-4613
-4613
-4613
-4612
-4612
-4612
-4612
-4611
-4610
-4610
-4609
-4606
-4606
-4605
-4604
-4603
-4603
-4602
-4601
-4601
-4600
-4600
-4599
-4599
-4597
-4597
-4597
-4594
-4594
-4594
-4593
-4593
-4592
-4591
-4591
-4590
-4589
-4589
-4587
-4587
-4586
-4585
-4581
-4580
-4579
-4578
-4578
-4577
-4575
-4575
-4574
-4573
-4572
-4571
-4571
-4571
-4571
-4570
-4569
-4569
-4569
-4567
-4567
-4567
-4566
-4566
-4565
-4563
-4563
-4562
-4561
-4561
-4561
-4560
-4555
-4554
-4554
-4554
-4553
-4553
-4551
-4550
-4550
-4549
-4547
-4546
-4546
-4546
-4545
-4544
-4543
-4543
-4542
-4542
-4540
-4540
-4540
-4540
-4540
-4539
-4538
-4538
-4537
-4536
-4534
-4534
-4534
-4533
-4532
-4531
-4531
-4530
-4530
-4529
-4529
-4529
-4526
-4525
-4524
-4524
-4523
-4523
-4520
-4519
-4517
-4517
-4516
-4515
-4515
-4515
-4514
-4514
-4514
-4514
-4514
-4513
-4513
-4512
-4512
-4512
-4509
-4508
-4508
-4508
-4506
-4505
-4503
-4503
-4502
-4502
-4502
-4502
-4502
-4501
-4499
-4498
-4495
-4493
-4493
-4493
-4492
-4490
-4488
-4486
-4485
-4485
-4484
-4484
-4484
-4483
-4482
-4482
-4481
-4480
-4480
-4480
-4479
-4478
-4478
-4477
-4476
-4475
-4473
-4472
-4471
-4471
-4470
-4470
-4469
-4468
-4467
-4467
-4467
-4466
-4466
-4466
-4466
-4464
-4463
-4463
-4462
-4462
-4460
-4459
-4459
-4457
-4456
-4456
-4455
-4454
-4454
-4453
-4453
-4452
-4451
-4451
-4449
-4448
-4448
-4446
-4446
-4444
-4444
-4442
-4442
-4441
-4441
-4439
-4438
-4437
-4436
-4435
-4435
-4435
-4434
-4433
-4432
-4431
-4428
-4428
-4426
-4426
-4426
-4424
-4422
-4421
-4421
-4419
-4419
-4418
-4417
-4417
-4416
-4416
-4416
-4415
-4414
-4414
-4413
-4411
-4410
-4410
-4410
-4410
-4409
-4409
-4408
-4408
-4408
-4407
-4407
-4407
-4406
-4405
-4405
-4405
-4405
-4404
-4404
-4401
-4401
-4401
-4400
-4400
-4400
-4399
-4399
-4399
-4398
-4398
-4398
-4397
-4396
-4396
-4395
-4394
-4394
-4394
-4394
-4393
-4392
-4390
-4390
-4388
-4388
-4387
-4387
-4387
-4387
-4387
-4385
-4384
-4383
-4381
-4380
-4380
-4379
-4378
-4377
-4377
-4376
-4376
-4375
-4374
-4372
-4371
-4370
-4369
-4369
-4368
-4368
-4365
-4365
-4361
-4361
-4360
-4359
-4359
-4358
-4358
-4358
-4357
-4356
-4356
-4356
-4355
-4354
-4353
-4352
-4352
-4352
-4352
-4350
-4350
-4349
-4348
-4348
-4347
-4346
-4346
-4346
-4343
-4342
-4341
-4340
-4340
-4339
-4339
-4339
-4338
-4335
-4334
-4333
-4332
-4332
-4330
-4329
-4328
-4325
-4324
-4324
-4322
-4322
-4320
-4319
-4318
-4318
-4317
-4316
-4313
-4313
-4311
-4309
-4309
-4309
-4308
-4308
-4308
-4307
-4307
-4306
-4306
-4305
-4305
-4304
-4303
-4303
-4302
-4301
-4301
-4299
-4299
-4299
-4298
-4298
-4297
-4297
-4294
-4294
-4294
-4294
-4292
-4292
-4291
-4290
-4289
-4288
-4287
-4286
-4285
-4284
-4283
-4282
-4282
-4281
-4281
-4280
-4280
-4279
-4274
-4273
-4273
-4270
-4270
-4269
-4269
-4269
-4268
-4267
-4266
-4266
-4265
-4264
-4264
-4263
-4263
-4262
-4262
-4262
-4261
-4261
-4260
-4259
-4259
-4258
-4257
-4256
-4256
-4256
-4255
-4253
-4253
-4252
-4252
-4252
-4249
-4249
-4249
-4249
-4246
-4245
-4245
-4243
-4242
-4241
-4240
-4239
-4238
-4236
-4236
-4234
-4232
-4232
-4232
-4231
-4231
-4231
-4231
-4230
-4228
-4228
-4227
-4227
-4226
-4225
-4224
-4222
-4221
-4221
-4220
-4220
-4218
-4217
-4216
-4215
-4215
-4215
-4215
-4214
-4214
-4213
-4211
-4211
-4209
-4205
-4205
-4204
-4202
-4200
-4200
-4199
-4199
-4199
-4198
-4198
-4196
-4196
-4195
-4195
-4194
-4194
-4191
-4191
-4191
-4189
-4189
-4186
-4186
-4185
-4185
-4184
-4183
-4182
-4182
-4182
-4181
-4180
-4179
-4174
-4173
-4173
-4171
-4171
-4169
-4169
-4168
-4167
-4167
-4167
-4165
-4165
-4165
-4164
-4163
-4163
-4162
-4162
-4162
-4162
-4161
-4160
-4160
-4160
-4158
-4158
-4158
-4158
-4158
-4157
-4157
-4157
-4155
-4155
-4155
-4153
-4153
-4153
-4152
-4152
-4151
-4151
-4150
-4148
-4148
-4147
-4146
-4145
-4144
-4144
-4142
-4141
-4140
-4139
-4139
-4138
-4136
-4135
-4134
-4133
-4133
-4130
-4129
-4127
-4127
-4127
-4123
-4123
-4123
-4123
-4121
-4120
-4120
-4119
-4117
-4116
-4116
-4114
-4112
-4112
-4112
-4111
-4110
-4107
-4107
-4106
-4104
-4103
-4102
-4102
-4102
-4101
-4101
-4101
-4100
-4099
-4099
-4097
-4097
-4095
-4095
-4094
-4093
-4093
-4093
-4092
-4091
-4087
-4087
-4087
-4086
-4086
-4085
-4085
-4084
-4084
-4083
-4082
-4080
-4080
-4080
-4079
-4079
-4079
-4078
-4077
-4077
-4076
-4075
-4074
-4072
-4071
-4071
-4070
-4070
-4069
-4068
-4068
-4067
-4066
-4066
-4064
-4063
-4062
-4061
-4060
-4060
-4060
-4055
-4055
-4055
-4055
-4054
-4054
-4053
-4053
-4052
-4052
-4050
-4050
-4049
-4049
-4048
-4047
-4046
-4045
-4045
-4045
-4045
-4044
-4044
-4042
-4040
-4040
-4040
-4036
-4035
-4035
-4034
-4034
-4034
-4033
-4031
-4031
-4030
-4030
-4030
-4028
-4027
-4027
-4027
-4025
-4024
-4024
-4022
-4021
-4020
-4020
-4019
-4017
-4017
-4017
-4016
-4016
-4015
-4015
-4015
-4013
-4013
-4013
-4011
-4010
-4010
-4007
-4005
-4005
-4004
-4004
-4001
-4001
-4000
-4000
-3999
-3997
-3995
-3995
-3993
-3993
-3993
-3992
-3992
-3992
-3989
-3988
-3988
-3988
-3988
-3985
-3985
-3984
-3983
-3981
-3981
-3981
-3981
-3980
-3979
-3976
-3976
-3975
-3974
-3973
-3972
-3972
-3971
-3971
-3971
-3970
-3970
-3969
-3968
-3968
-3967
-3966
-3965
-3964
-3964
-3963
-3963
-3961
-3959
-3958
-3956
-3955
-3955
-3946
-3946
-3945
-3945
-3945
-3944
-3944
-3943
-3942
-3941
-3941
-3939
-3937
-3936
-3934
-3932
-3932
-3931
-3931
-3930
-3930
-3930
-3929
-3929
-3929
-3929
-3928
-3927
-3927
-3926
-3926
-3923
-3922
-3921
-3921
-3920
-3920
-3919
-3919
-3917
-3916
-3916
-3914
-3914
-3913
-3913
-3912
-3912
-3911
-3911
-3911
-3909
-3908
-3908
-3907
-3907
-3907
-3905
-3904
-3903
-3903
-3903
-3903
-3902
-3902
-3902
-3901
-3901
-3900
-3900
-3898
-3898
-3897
-3896
-3896
-3895
-3895
-3893
-3893
-3893
-3892
-3892
-3892
-3891
-3891
-3889
-3888
-3888
-3888
-3887
-3886
-3886
-3884
-3884
-3880
-3879
-3877
-3872
-3872
-3871
-3870
-3870
-3870
-3869
-3869
-3868
-3868
-3867
-3867
-3867
-3865
-3865
-3864
-3863
-3862
-3861
-3861
-3861
-3859
-3858
-3857
-3857
-3856
-3856
-3855
-3855
-3854
-3853
-3852
-3851
-3849
-3849
-3848
-3847
-3847
-3847
-3846
-3846
-3845
-3844
-3843
-3842
-3842
-3842
-3841
-3841
-3839
-3839
-3838
-3835
-3834
-3833
-3832
-3832
-3832
-3832
-3831
-3830
-3829
-3828
-3827
-3825
-3824
-3823
-3823
-3822
-3822
-3822
-3820
-3819
-3818
-3818
-3815
-3814
-3814
-3814
-3813
-3813
-3812
-3812
-3811
-3811
-3811
-3810
-3809
-3809
-3808
-3808
-3804
-3803
-3802
-3801
-3801
-3800
-3800
-3799
-3798
-3798
-3798
-3797
-3797
-3796
-3796
-3795
-3795
-3794
-3792
-3791
-3790
-3790
-3787
-3787
-3786
-3786
-3785
-3785
-3785
-3784
-3784
-3784
-3783
-3782
-3782
-3781
-3780
-3780
-3780
-3778
-3777
-3776
-3774
-3773
-3772
-3769
-3769
-3769
-3766
-3766
-3766
-3765
-3764
-3763
-3763
-3763
-3763
-3763
-3762
-3762
-3762
-3762
-3760
-3760
-3759
-3757
-3756
-3755
-3755
-3755
-3754
-3754
-3754
-3754
-3751
-3751
-3750
-3748
-3747
-3746
-3746
-3746
-3745
-3745
-3745
-3743
-3742
-3742
-3742
-3742
-3740
-3739
-3739
-3737
-3737
-3737
-3735
-3733
-3733
-3733
-3733
-3732
-3732
-3731
-3731
-3731
-3729
-3729
-3726
-3726
-3726
-3725
-3723
-3723
-3723
-3723
-3721
-3721
-3720
-3719
-3713
-3713
-3713
-3713
-3711
-3709
-3709
-3708
-3708
-3708
-3707
-3704
-3704
-3703
-3702
-3701
-3701
-3700
-3700
-3700
-3698
-3698
-3696
-3696
-3694
-3694
-3693
-3692
-3692
-3689
-3689
-3688
-3687
-3686
-3686
-3683
-3682
-3681
-3681
-3678
-3676
-3676
-3675
-3675
-3674
-3674
-3674
-3674
-3674
-3672
-3671
-3671
-3670
-3670
-3669
-3669
-3669
-3668
-3667
-3666
-3663
-3662
-3662
-3661
-3661
-3660
-3660
-3659
-3659
-3658
-3657
-3657
-3654
-3653
-3652
-3650
-3650
-3649
-3648
-3646
-3645
-3645
-3645
-3645
-3644
-3643
-3642
-3641
-3641
-3640
-3638
-3638
-3638
-3638
-3638
-3638
-3636
-3636
-3636
-3636
-3635
-3635
-3635
-3635
-3635
-3629
-3629
-3628
-3628
-3628
-3628
-3628
-3627
-3627
-3627
-3627
-3627
-3626
-3626
-3625
-3625
-3623
-3623
-3623
-3622
-3622
-3622
-3620
-3619
-3619
-3619
-3614
-3614
-3613
-3613
-3613
-3613
-3612
-3612
-3612
-3610
-3609
-3608
-3608
-3606
-3605
-3603
-3603
-3603
-3601
-3599
-3597
-3596
-3595
-3594
-3594
-3593
-3592
-3591
-3590
-3590
-3590
-3590
-3590
-3590
-3588
-3587
-3587
-3587
-3586
-3586
-3585
-3583
-3582
-3580
-3579
-3579
-3578
-3577
-3575
-3575
-3574
-3574
-3572
-3572
-3570
-3569
-3564
-3564
-3564
-3564
-3563
-3562
-3561
-3559
-3555
-3555
-3553
-3553
-3553
-3552
-3551
-3549
-3548
-3548
-3548
-3548
-3548
-3548
-3548
-3546
-3546
-3545
-3543
-3542
-3542
-3541
-3541
-3540
-3540
-3540
-3537
-3536
-3535
-3534
-3533
-3531
-3530
-3530
-3529
-3529
-3528
-3527
-3527
-3527
-3526
-3526
-3525
-3524
-3523
-3523
-3523
-3522
-3521
-3518
-3518
-3516
-3514
-3512
-3511
-3510
-3509
-3508
-3508
-3507
-3504
-3504
-3504
-3503
-3503
-3503
-3502
-3502
-3502
-3501
-3501
-3499
-3499
-3499
-3498
-3498
-3497
-3497
-3494
-3494
-3492
-3492
-3491
-3491
-3490
-3487
-3487
-3486
-3484
-3483
-3483
-3482
-3482
-3482
-3481
-3481
-3480
-3479
-3478
-3477
-3476
-3476
-3476
-3474
-3474
-3474
-3473
-3473
-3472
-3470
-3470
-3469
-3467
-3466
-3465
-3465
-3464
-3463
-3462
-3462
-3462
-3460
-3458
-3457
-3457
-3456
-3456
-3454
-3452
-3451
-3451
-3451
-3450
-3450
-3449
-3444
-3444
-3443
-3442
-3441
-3440
-3440
-3439
-3439
-3439
-3437
-3436
-3435
-3435
-3435
-3435
-3434
-3432
-3431
-3431
-3431
-3431
-3429
-3428
-3427
-3427
-3426
-3426
-3426
-3426
-3424
-3424
-3423
-3423
-3422
-3422
-3422
-3422
-3420
-3420
-3420
-3419
-3419
-3418
-3418
-3417
-3414
-3413
-3411
-3410
-3410
-3409
-3409
-3407
-3407
-3406
-3406
-3404
-3401
-3400
-3400
-3399
-3399
-3398
-3397
-3396
-3395
-3395
-3394
-3388
-3387
-3385
-3385
-3384
-3383
-3381
-3381
-3380
-3378
-3377
-3375
-3375
-3374
-3373
-3372
-3372
-3372
-3372
-3370
-3368
-3367
-3367
-3366
-3366
-3365
-3364
-3364
-3361
-3360
-3357
-3356
-3353
-3352
-3350
-3350
-3350
-3347
-3345
-3344
-3344
-3343
-3341
-3341
-3340
-3340
-3339
-3338
-3338
-3335
-3334
-3333
-3332
-3332
-3332
-3331
-3331
-3329
-3326
-3325
-3324
-3323
-3321
-3321
-3321
-3320
-3316
-3314
-3314
-3311
-3311
-3311
-3306
-3306
-3305
-3304
-3303
-3303
-3299
-3298
-3297
-3297
-3295
-3295
-3293
-3292
-3291
-3291
-3290
-3286
-3283
-3282
-3280
-3279
-3278
-3276
-3276
-3275
-3274
-3273
-3273
-3271
-3270
-3270
-3269
-3269
-3269
-3266
-3264
-3264
-3264
-3263
-3263
-3262
-3259
-3259
-3259
-3256
-3256
-3255
-3254
-3254
-3253
-3251
-3250
-3246
-3245
-3243
-3241
-3240
-3239
-3238
-3237
-3237
-3236
-3236
-3236
-3236
-3233
-3233
-3231
-3230
-3230
-3228
-3225
-3221
-3221
-3219
-3219
-3215
-3215
-3212
-3211
-3209
-3209
-3209
-3207
-3204
-3204
-3202
-3202
-3202
-3200
-3200
-3198
-3198
-3198
-3197
-3195
-3195
-3192
-3190
-3189
-3189
-3189
-3189
-3187
-3185
-3184
-3180
-3179
-3178
-3176
-3175
-3173
-3172
-3172
-3172
-3171
-3168
-3168
-3166
-3165
-3163
-3162
-3160
-3155
-3154
-3153
-3152
-3152
-3151
-3151
-3151
-3149
-3148
-3148
-3147
-3146
-3146
-3145
-3145
-3144
-3142
-3137
-3137
-3137
-3135
-3134
-3134
-3134
-3132
-3130
-3130
-3130
-3129
-3129
-3128
-3126
-3125
-3122
-3122
-3121
-3120
-3120
-3120
-3117
-3114
-3114
-3112
-3111
-3111
-3110
-3110
-3110
-3110
-3109
-3109
-3107
-3107
-3107
-3106
-3101
-3099
-3098
-3098
-3098
-3096
-3095
-3093
-3090
-3090
-3090
-3087
-3087
-3087
-3085
-3084
-3082
-3078
-3077
-3076
-3075
-3074
-3074
-3074
-3071
-3071
-3070
-3070
-3070
-3070
-3070
-3068
-3066
-3066
-3066
-3063
-3062
-3057
-3055
-3053
-3051
-3050
-3050
-3049
-3048
-3048
-3046
-3044
-3043
-3037
-3036
-3029
-3029
-3029
-3029
-3028
-3028
-3027
-3026
-3025
-3025
-3024
-3021
-3021
-3021
-3021
-3020
-3020
-3020
-3020
-3019
-3019
-3019
-3018
-3016
-3016
-3016
-3015
-3014
-3013
-3013
-3011
-3011
-3009
-3009
-3007
-3006
-3006
-3002
-3001
-2999
-2998
-2998
-2995
-2995
-2995
-2994
-2994
-2994
-2994
-2993
-2990
-2989
-2989
-2987
-2987
-2987
-2987
-2986
-2986
-2985
-2985
-2983
-2982
-2982
-2981
-2980
-2979
-2978
-2978
-2978
-2975
-2973
-2972
-2971
-2971
-2966
-2966
-2964
-2964
-2961
-2961
-2960
-2960
-2958
-2957
-2957
-2956
-2954
-2952
-2950
-2949
-2949
-2943
-2943
-2941
-2938
-2937
-2937
-2937
-2936
-2934
-2931
-2930
-2929
-2927
-2927
-2923
-2921
-2920
-2915
-2915
-2913
-2912
-2912
-2911
-2910
-2910
-2908
-2908
-2908
-2906
-2905
-2900
-2899
-2898
-2898
-2897
-2895
-2894
-2890
-2890
-2890
-2890
-2889
-2889
-2887
-2886
-2886
-2882
-2882
-2882
-2882
-2878
-2878
-2875
-2874
-2871
-2870
-2869
-2864
-2862
-2862
-2861
-2858
-2858
-2857
-2857
-2856
-2855
-2853
-2853
-2852
-2852
-2850
-2850
-2846
-2845
-2845
-2844
-2844
-2843
-2842
-2840
-2839
-2839
-2837
-2837
-2836
-2834
-2833
-2833
-2832
-2831
-2830
-2829
-2829
-2825
-2825
-2822
-2821
-2821
-2819
-2818
-2818
-2818
-2817
-2816
-2814
-2813
-2812
-2811
-2808
-2808
-2804
-2802
-2801
-2800
-2799
-2799
-2798
-2797
-2795
-2795
-2795
-2794
-2793
-2792
-2791
-2790
-2789
-2789
-2788
-2787
-2784
-2784
-2781
-2780
-2779
-2779
-2778
-2778
-2776
-2775
-2774
-2774
-2773
-2772
-2772
-2771
-2771
-2770
-2768
-2767
-2767
-2766
-2766
-2765
-2765
-2761
-2761
-2761
-2761
-2759
-2759
-2758
-2756
-2756
-2753
-2753
-2752
-2752
-2751
-2749
-2748
-2745
-2742
-2741
-2740
-2740
-2740
-2740
-2736
-2736
-2734
-2732
-2731
-2731
-2730
-2729
-2729
-2729
-2728
-2728
-2728
-2725
-2720
-2719
-2719
-2717
-2717
-2716
-2716
-2716
-2716
-2716
-2713
-2712
-2712
-2710
-2709
-2706
-2704
-2703
-2699
-2699
-2698
-2698
-2697
-2694
-2689
-2689
-2688
-2686
-2683
-2679
-2677
-2675
-2675
-2671
-2671
-2669
-2669
-2668
-2666
-2664
-2661
-2660
-2658
-2658
-2658
-2657
-2656
-2656
-2654
-2652
-2650
-2646
-2646
-2645
-2645
-2644
-2642
-2641
-2640
-2640
-2640
-2640
-2636
-2635
-2633
-2632
-2632
-2632
-2629
-2627
-2626
-2625
-2625
-2623
-2623
-2623
-2621
-2618
-2617
-2617
-2616
-2615
-2614
-2613
-2613
-2613
-2612
-2612
-2609
-2609
-2609
-2605
-2604
-2603
-2602
-2602
-2601
-2601
-2600
-2599
-2597
-2597
-2594
-2593
-2593
-2592
-2591
-2591
-2590
-2589
-2587
-2587
-2587
-2586
-2585
-2585
-2585
-2584
-2584
-2581
-2579
-2578
-2577
-2575
-2574
-2573
-2570
-2567
-2565
-2564
-2564
-2563
-2563
-2563
-2563
-2561
-2560
-2560
-2560
-2557
-2556
-2554
-2553
-2553
-2551
-2550
-2549
-2548
-2545
-2544
-2543
-2542
-2541
-2539
-2538
-2537
-2537
-2535
-2531
-2531
-2526
-2526
-2526
-2524
-2522
-2522
-2522
-2522
-2521
-2520
-2516
-2515
-2514
-2513
-2513
-2513
-2511
-2511
-2511
-2511
-2510
-2509
-2509
-2507
-2505
-2505
-2505
-2504
-2504
-2504
-2502
-2502
-2501
-2500
-2500
-2498
-2497
-2497
-2496
-2489
-2489
-2489
-2487
-2482
-2482
-2481
-2481
-2480
-2479
-2477
-2475
-2475
-2474
-2473
-2469
-2469
-2468
-2467
-2467
-2466
-2466
-2466
-2465
-2465
-2465
-2463
-2462
-2460
-2460
-2459
-2459
-2459
-2458
-2455
-2454
-2453
-2453
-2452
-2449
-2446
-2445
-2445
-2444
-2442
-2441
-2439
-2438
-2437
-2437
-2437
-2436
-2432
-2429
-2428
-2428
-2424
-2424
-2424
-2424
-2422
-2422
-2421
-2420
-2418
-2417
-2417
-2416
-2415
-2415
-2414
-2414
-2414
-2414
-2413
-2413
-2412
-2411
-2410
-2410
-2410
-2409
-2409
-2409
-2408
-2406
-2406
-2405
-2405
-2404
-2404
-2404
-2401
-2400
-2398
-2398
-2397
-2397
-2397
-2396
-2392
-2388
-2387
-2387
-2387
-2386
-2385
-2385
-2385
-2384
-2383
-2383
-2382
-2382
-2380
-2379
-2379
-2379
-2378
-2377
-2376
-2376
-2376
-2375
-2374
-2373
-2372
-2372
-2371
-2369
-2369
-2368
-2368
-2368
-2368
-2365
-2365
-2364
-2364
-2362
-2362
-2358
-2357
-2357
-2356
-2356
-2355
-2354
-2354
-2354
-2353
-2352
-2352
-2348
-2347
-2346
-2344
-2342
-2342
-2342
-2342
-2341
-2337
-2337
-2336
-2336
-2335
-2334
-2333
-2332
-2331
-2330
-2329
-2324
-2323
-2322
-2322
-2322
-2321
-2320
-2320
-2320
-2320
-2320
-2318
-2315
-2314
-2313
-2310
-2310
-2309
-2309
-2308
-2307
-2307
-2303
-2303
-2302
-2301
-2299
-2299
-2299
-2297
-2296
-2296
-2294
-2294
-2292
-2291
-2289
-2289
-2289
-2289
-2288
-2287
-2287
-2286
-2285
-2283
-2282
-2282
-2280
-2279
-2277
-2277
-2276
-2276
-2276
-2274
-2273
-2268
-2268
-2266
-2265
-2264
-2263
-2262
-2262
-2261
-2261
-2259
-2255
-2255
-2255
-2253
-2252
-2251
-2247
-2244
-2242
-2242
-2241
-2241
-2238
-2238
-2237
-2237
-2236
-2236
-2235
-2235
-2233
-2231
-2230
-2229
-2229
-2228
-2225
-2225
-2223
-2223
-2221
-2220
-2220
-2219
-2216
-2216
-2216
-2215
-2214
-2214
-2213
-2211
-2210
-2209
-2208
-2208
-2207
-2205
-2205
-2204
-2204
-2203
-2202
-2200
-2200
-2200
-2199
-2198
-2198
-2197
-2195
-2194
-2192
-2190
-2190
-2188
-2188
-2185
-2182
-2180
-2180
-2178
-2178
-2177
-2176
-2175
-2175
-2172
-2171
-2167
-2167
-2166
-2166
-2165
-2163
-2161
-2160
-2157
-2157
-2157
-2154
-2151
-2150
-2150
-2150
-2148
-2147
-2147
-2142
-2140
-2139
-2138
-2138
-2137
-2132
-2132
-2131
-2129
-2128
-2128
-2125
-2124
-2124
-2123
-2117
-2116
-2114
-2114
-2113
-2111
-2108
-2107
-2106
-2105
-2105
-2104
-2103
-2101
-2099
-2098
-2098
-2097
-2097
-2094
-2093
-2093
-2091
-2089
-2089
-2089
-2087
-2086
-2084
-2082
-2081
-2080
-2080
-2080
-2079
-2079
-2079
-2076
-2072
-2071
-2070
-2070
-2069
-2069
-2068
-2065
-2064
-2063
-2063
-2062
-2061
-2059
-2055
-2052
-2050
-2048
-2048
-2048
-2042
-2039
-2039
-2038
-2036
-2036
-2032
-2032
-2031
-2031
-2031
-2030
-2030
-2029
-2028
-2025
-2023
-2022
-2020
-2019
-2018
-2016
-2015
-2014
-2013
-2012
-2012
-2011
-2010
-2007
-2007
-2005
-2005
-2005
-2002
-2002
-2002
-2002
-2001
-1998
-1996
-1994
-1991
-1989
-1989
-1988
-1988
-1987
-1985
-1984
-1982
-1982
-1982
-1976
-1976
-1975
-1973
-1972
-1972
-1970
-1966
-1966
-1965
-1964
-1963
-1962
-1962
-1962
-1961
-1958
-1957
-1956
-1954
-1953
-1953
-1952
-1950
-1950
-1949
-1948
-1948
-1948
-1947
-1945
-1944
-1943
-1943
-1943
-1943
-1940
-1938
-1937
-1937
-1937
-1935
-1933
-1932
-1931
-1930
-1929
-1928
-1927
-1927
-1923
-1923
-1922
-1920
-1919
-1918
-1918
-1917
-1917
-1916
-1916
-1915
-1914
-1914
-1913
-1912
-1911
-1911
-1910
-1909
-1908
-1906
-1905
-1905
-1904
-1902
-1901
-1899
-1898
-1898
-1898
-1897
-1894
-1892
-1890
-1888
-1887
-1884
-1882
-1882
-1879
-1878
-1877
-1877
-1876
-1874
-1874
-1872
-1871
-1870
-1866
-1866
-1865
-1864
-1864
-1864
-1863
-1862
-1862
-1860
-1859
-1858
-1858
-1858
-1857
-1857
-1855
-1855
-1853
-1852
-1852
-1851
-1851
-1851
-1850
-1850
-1850
-1848
-1848
-1847
-1845
-1845
-1845
-1844
-1843
-1842
-1841
-1840
-1838
-1837
-1836
-1834
-1834
-1834
-1833
-1831
-1829
-1828
-1828
-1826
-1826
-1825
-1825
-1824
-1823
-1823
-1820
-1819
-1819
-1818
-1817
-1814
-1813
-1811
-1810
-1810
-1809
-1807
-1807
-1807
-1806
-1803
-1802
-1802
-1801
-1801
-1800
-1800
-1800
-1799
-1797
-1793
-1793
-1791
-1791
-1790
-1790
-1790
-1788
-1788
-1787
-1786
-1786
-1786
-1786
-1786
-1785
-1785
-1785
-1784
-1783
-1782
-1782
-1782
-1781
-1780
-1778
-1778
-1777
-1777
-1776
-1774
-1772
-1767
-1767
-1767
-1767
-1766
-1765
-1764
-1762
-1760
-1759
-1758
-1757
-1754
-1753
-1753
-1753
-1752
-1752
-1751
-1749
-1749
-1749
-1748
-1747
-1744
-1742
-1740
-1739
-1739
-1738
-1738
-1737
-1737
-1736
-1735
-1734
-1734
-1734
-1733
-1723
-1721
-1721
-1719
-1719
-1718
-1718
-1717
-1717
-1716
-1716
-1715
-1715
-1715
-1712
-1712
-1710
-1710
-1708
-1708
-1707
-1706
-1706
-1705
-1705
-1701
-1701
-1700
-1700
-1699
-1699
-1698
-1697
-1697
-1696
-1694
-1693
-1691
-1690
-1689
-1689
-1685
-1682
-1682
-1681
-1681
-1681
-1679
-1678
-1677
-1676
-1676
-1675
-1674
-1674
-1673
-1669
-1668
-1668
-1667
-1666
-1666
-1666
-1663
-1663
-1663
-1662
-1662
-1660
-1660
-1660
-1658
-1657
-1654
-1654
-1653
-1653
-1652
-1649
-1649
-1645
-1642
-1641
-1640
-1638
-1637
-1637
-1636
-1633
-1633
-1633
-1631
-1627
-1627
-1623
-1622
-1621
-1621
-1620
-1618
-1618
-1617
-1617
-1617
-1616
-1616
-1613
-1611
-1611
-1610
-1610
-1608
-1607
-1606
-1606
-1604
-1598
-1597
-1597
-1595
-1594
-1593
-1592
-1588
-1586
-1585
-1584
-1583
-1579
-1575
-1573
-1573
-1573
-1569
-1569
-1569
-1569
-1568
-1568
-1567
-1567
-1564
-1561
-1561
-1561
-1560
-1559
-1559
-1559
-1557
-1557
-1556
-1555
-1555
-1553
-1553
-1552
-1549
-1545
-1544
-1543
-1539
-1539
-1538
-1537
-1535
-1532
-1531
-1530
-1530
-1530
-1528
-1526
-1523
-1523
-1519
-1516
-1516
-1515
-1514
-1514
-1513
-1513
-1509
-1509
-1509
-1508
-1506
-1505
-1504
-1503
-1501
-1500
-1500
-1500
-1500
-1499
-1499
-1498
-1496
-1495
-1494
-1492
-1492
-1489
-1487
-1486
-1486
-1486
-1484
-1484
-1484
-1482
-1481
-1477
-1475
-1475
-1475
-1473
-1472
-1471
-1469
-1468
-1467
-1466
-1466
-1463
-1463
-1461
-1459
-1458
-1458
-1456
-1455
-1455
-1454
-1452
-1452
-1452
-1451
-1451
-1450
-1449
-1447
-1445
-1444
-1444
-1443
-1443
-1442
-1442
-1441
-1441
-1440
-1439
-1436
-1433
-1431
-1431
-1431
-1430
-1427
-1426
-1424
-1423
-1422
-1420
-1418
-1417
-1417
-1415
-1415
-1412
-1411
-1411
-1410
-1408
-1407
-1404
-1401
-1401
-1400
-1398
-1393
-1391
-1389
-1389
-1389
-1387
-1386
-1385
-1385
-1385
-1385
-1383
-1382
-1381
-1380
-1378
-1377
-1377
-1376
-1374
-1373
-1372
-1370
-1370
-1370
-1369
-1368
-1367
-1367
-1366
-1366
-1363
-1358
-1355
-1355
-1354
-1354
-1354
-1353
-1351
-1351
-1350
-1347
-1345
-1345
-1344
-1343
-1343
-1342
-1340
-1340
-1340
-1338
-1334
-1333
-1333
-1333
-1333
-1332
-1332
-1330
-1330
-1330
-1329
-1329
-1328
-1328
-1324
-1324
-1323
-1323
-1322
-1322
-1321
-1320
-1320
-1319
-1318
-1315
-1314
-1313
-1312
-1311
-1311
-1311
-1308
-1306
-1302
-1302
-1302
-1301
-1301
-1300
-1297
-1296
-1296
-1294
-1292
-1292
-1291
-1286
-1285
-1285
-1284
-1283
-1280
-1280
-1279
-1276
-1276
-1274
-1273
-1273
-1273
-1271
-1268
-1268
-1266
-1266
-1266
-1264
-1261
-1261
-1259
-1259
-1259
-1259
-1254
-1254
-1254
-1252
-1251
-1250
-1249
-1249
-1249
-1249
-1249
-1248
-1247
-1246
-1245
-1245
-1244
-1244
-1243
-1240
-1240
-1238
-1238
-1237
-1235
-1234
-1233
-1233
-1233
-1233
-1233
-1232
-1228
-1228
-1227
-1226
-1226
-1223
-1223
-1221
-1221
-1220
-1219
-1217
-1216
-1215
-1215
-1214
-1214
-1212
-1212
-1212
-1210
-1209
-1209
-1208
-1208
-1206
-1203
-1202
-1202
-1202
-1200
-1198
-1197
-1197
-1196
-1196
-1196
-1195
-1193
-1193
-1193
-1192
-1189
-1189
-1187
-1187
-1187
-1186
-1186
-1185
-1184
-1184
-1184
-1184
-1183
-1181
-1181
-1180
-1177
-1176
-1174
-1174
-1174
-1172
-1171
-1167
-1166
-1165
-1164
-1163
-1162
-1162
-1161
-1160
-1158
-1155
-1154
-1154
-1153
-1153
-1153
-1152
-1151
-1151
-1149
-1149
-1148
-1146
-1145
-1145
-1144
-1143
-1140
-1140
-1139
-1138
-1138
-1134
-1129
-1121
-1121
-1120
-1119
-1119
-1117
-1116
-1115
-1114
-1114
-1113
-1112
-1111
-1110
-1109
-1109
-1108
-1106
-1106
-1104
-1103
-1102
-1102
-1102
-1101
-1097
-1093
-1093
-1092
-1092
-1091
-1089
-1088
-1087
-1086
-1085
-1084
-1084
-1083
-1083
-1079
-1079
-1078
-1077
-1077
-1075
-1073
-1070
-1067
-1065
-1064
-1064
-1063
-1062
-1061
-1059
-1057
-1055
-1055
-1054
-1054
-1052
-1051
-1051
-1050
-1050
-1050
-1047
-1047
-1045
-1044
-1043
-1042
-1041
-1040
-1040
-1040
-1040
-1039
-1039
-1038
-1036
-1036
-1034
-1034
-1031
-1031
-1030
-1029
-1028
-1028
-1027
-1025
-1024
-1021
-1020
-1019
-1016
-1014
-1011
-1011
-1008
-1008
-1006
-1006
-1005
-1003
-1003
-1001
-1001
-1000
-997
-996
-993
-992
-992
-991
-991
-990
-990
-989
-985
-981
-980
-978
-977
-976
-972
-971
-968
-967
-966
-966
-965
-965
-965
-965
-962
-961
-961
-958
-957
-957
-957
-957
-955
-954
-953
-953
-950
-950
-950
-950
-946
-945
-944
-943
-943
-941
-941
-941
-940
-935
-933
-933
-933
-933
-931
-931
-929
-929
-929
-927
-927
-926
-926
-924
-923
-922
-922
-922
-919
-917
-917
-917
-915
-915
-914
-912
-909
-909
-907
-907
-907
-907
-905
-904
-904
-902
-901
-901
-900
-900
-899
-897
-896
-895
-895
-895
-895
-895
-894
-893
-893
-893
-892
-892
-892
-890
-888
-888
-886
-885
-885
-885
-884
-884
-883
-883
-881
-881
-880
-879
-879
-878
-873
-872
-871
-867
-866
-866
-866
-865
-865
-859
-858
-857
-854
-854
-854
-853
-852
-852
-851
-851
-850
-850
-850
-850
-849
-847
-847
-847
-845
-844
-843
-840
-840
-840
-835
-833
-833
-833
-831
-828
-828
-827
-827
-827
-824
-824
-822
-822
-821
-821
-816
-816
-815
-815
-815
-814
-813
-811
-811
-811
-810
-807
-806
-805
-803
-802
-800
-799
-796
-795
-795
-792
-790
-790
-787
-785
-782
-781
-777
-777
-776
-775
-775
-774
-774
-774
-771
-769
-768
-768
-766
-765
-764
-764
-764
-762
-761
-761
-760
-757
-756
-755
-754
-753
-753
-753
-749
-748
-745
-744
-742
-740
-739
-739
-738
-737
-737
-735
-734
-733
-733
-732
-732
-731
-730
-730
-729
-728
-728
-728
-728
-728
-727
-727
-727
-726
-724
-724
-717
-717
-716
-714
-713
-711
-711
-711
-710
-710
-709
-708
-706
-706
-705
-703
-701
-701
-699
-699
-699
-697
-696
-695
-694
-694
-693
-691
-691
-690
-689
-689
-685
-681
-678
-678
-677
-673
-672
-668
-667
-666
-666
-662
-661
-660
-659
-658
-658
-656
-656
-655
-655
-653
-651
-650
-650
-649
-648
-648
-647
-646
-646
-645
-645
-644
-643
-641
-638
-637
-635
-634
-632
-631
-630
-629
-628
-626
-623
-622
-619
-617
-616
-613
-613
-613
-611
-611
-611
-611
-610
-610
-609
-605
-604
-601
-600
-598
-596
-592
-590
-590
-588
-588
-586
-584
-583
-580
-580
-579
-579
-576
-575
-574
-571
-570
-569
-569
-569
-569
-568
-566
-566
-565
-564
-563
-562
-561
-561
-561
-560
-560
-558
-558
-555
-553
-552
-552
-552
-551
-551
-551
-551
-550
-549
-544
-543
-541
-541
-541
-541
-539
-539
-538
-538
-537
-537
-536
-536
-536
-535
-534
-533
-531
-530
-529
-528
-528
-527
-527
-527
-526
-526
-526
-525
-525
-520
-519
-518
-517
-517
-517
-517
-514
-513
-513
-512
-511
-511
-509
-507
-507
-506
-505
-502
-501
-500
-499
-496
-496
-496
-493
-493
-492
-491
-491
-491
-491
-489
-488
-488
-487
-486
-485
-485
-483
-483
-480
-479
-479
-474
-473
-473
-472
-471
-470
-470
-469
-468
-466
-465
-464
-464
-460
-458
-457
-456
-453
-450
-450
-449
-449
-445
-444
-443
-442
-440
-440
-439
-438
-438
-438
-437
-435
-431
-431
-428
-425
-424
-424
-420
-419
-418
-415
-413
-413
-413
-412
-412
-411
-410
-409
-407
-407
-405
-402
-401
-401
-399
-399
-396
-396
-396
-395
-392
-392
-391
-391
-389
-387
-386
-385
-384
-384
-383
-383
-383
-382
-382
-381
-380
-379
-378
-378
-376
-376
-375
-374
-373
-373
-372
-371
-371
-366
-365
-365
-363
-363
-359
-357
-356
-356
-355
-354
-354
-351
-350
-350
-348
-347
-346
-346
-345
-342
-342
-341
-339
-337
-337
-336
-336
-336
-336
-333
-332
-331
-331
-331
-331
-330
-329
-329
-328
-327
-327
-327
-323
-321
-320
-319
-319
-319
-317
-316
-316
-314
-313
-312
-312
-309
-307
-307
-306
-306
-300
-298
-298
-298
-298
-296
-294
-294
-293
-292
-292
-291
-290
-289
-288
-286
-285
-285
-285
-281
-278
-277
-276
-274
-273
-273
-272
-271
-268
-268
-267
-262
-261
-258
-258
-256
-255
-254
-254
-253
-252
-252
-252
-250
-249
-249
-248
-246
-245
-242
-241
-241
-241
-241
-240
-240
-239
-237
-236
-233
-232
-232
-232
-230
-228
-226
-226
-225
-222
-222
-221
-220
-220
-219
-216
-215
-214
-212
-212
-211
-210
-209
-209
-208
-207
-206
-206
-205
-205
-205
-203
-203
-203
-202
-201
-199
-199
-194
-194
-194
-193
-187
-187
-184
-182
-182
-182
-180
-180
-178
-178
-177
-174
-173
-171
-171
-170
-169
-168
-168
-167
-167
-166
-166
-166
-165
-164
-163
-161
-161
-161
-160
-160
-160
-159
-159
-157
-157
-156
-156
-155
-154
-152
-151
-149
-149
-148
-147
-146
-146
-146
-142
-140
-136
-135
-134
-132
-132
-130
-130
-127
-127
-125
-124
-124
-123
-123
-122
-122
-119
-118
-115
-114
-112
-109
-109
-108
-107
-107
-104
-102
-99
-98
-97
-97
-97
-96
-96
-95
-95
-94
-94
-93
-90
-90
-89
-86
-85
-84
-84
-82
-78
-78
-77
-76
-75
-74
-71
-70
-62
-62
-59
-57
-57
-56
-53
-52
-52
-52
-51
-51
-51
-49
-47
-47
-46
-46
-43
-41
-40
-40
-38
-38
-37
-36
-33
-32
-31
-31
-29
-27
-25
-24
-23
-23
-22
-22
-20
-20
-20
-20
-18
-17
-16
-16
-15
-15
-15
-12
-11
-9
-8
-8
-7
-6
-2
-2
-1
0
2
5
5
5
5
6
6
7
7
7
8
9
9
10
11
13
14
14
16
17
19
19
20
22
22
22
23
24
26
26
26
29
29
31
31
32
34
34
34
34
34
34
34
37
37
38
39
40
40
41
43
46
48
51
53
53
54
54
54
55
55
55
56
57
58
59
